00000000
00000 0000
00000000 000000 00000
0000000 0000000
000000000 000000
000000 00 00000000 0000
000000000 000000000 0000 00000 0000 000000
111
11111 1111 111111111 111111 1111 111 111111 11111111
111111111111111 1111111000
000000 00 00000 0000
000000000 0000000 000000 00000000 00000 000
000 000000 00000 000 000000 00000 00 0000000
0000 0000
0000 0000 0000 0000 000000000 000000 00000 0000 0000 000
0000000 000 0000 0000 000000 0000000 00000 000 000000000 000000 000000
00000 00 00000000000000 00000 000 000000 00000 00 00000 000000 000000
000 000 00 0000000 00000000 00000000 0000000 000000 000000000 00000
00000 000000 00000 0000000 0000 0000 0000 00000000 00 00000000000000
000000 0000000 00000 00000000000 0000000000 00000 0000 0000000
000000 000000000000 000 00000 000 00000 0000000 00000 000000
000000000 00000000 000000000
000000 00000000 0000 000000 0000 0000 000 00000 0000 000000
00000000 00000 00000 00000 000000 0000 00000000 00000000 0000 00000
0000 0000000000 0000000000 00000 0000 00000 000000000 000000000
0000000 000000 000000 0000 000000 000000 000000 000000000000 000000
00000 000000 000000 0000000 000000000
0000000 0000 000000000 00000 00000 000 0000 000000 000000
00000000 00000 000000 00000 000000000 00000 00000000 00000000 00000 000000
000000 0000000 00000 000 0000000 0000 0000000 000000 000000 000
00000 0000000 0000000 000000 00 00000000 000000 0000 00000 000
0000 0000 000000000 0000000 00000000 000000 00000 000000000 00000000
0000 000000 00000 000 00000000 00000 00000 0000000000000 0000000
000000 00000 0000000 000000 000000 00000000000 0000 0000000 00
0000000000
00000000000 0000000 00000 0000 0000 000000 0000 000000
0000000000 000000 00000000 000 00000 000000 0000 00 0000 00000 0000000
0000 0000000 0000 0000000 0000 00000 0000000000 000000 00000000000
000000 0000 000 0000 0000000 00000 0000000000 000000 0000 00000 0000000
00000 000000000 0000 00000000000 000 0000000000000 00000000 0000
00000000000 000 0000 0000 000000 00000 0000 0000 0000000000 000000
00000 000000 00000000000 000000 0000 000 0000 0000000 0000000000
000000000 000000 000000 000000000 0000 000000 000 000000000 000
0000000000 000000 00000000000 00000 000000 000000 00000 000 0000000
00000000 00000000 000000000
0000 0000 0000 0000000000 000000 00000 00 00000 000000 0000 0000
00 0000000 00000000 0000000 0000 0000 0000 00000000 00000
00000000000 0000000000 00000 0000 0000000 000000 000000000000
000 00000 000 00000 0000000 00000 000000 000000000 00000000
000000000 0000 00000 0000000 00 00000000 00000000 00000 000000 00000 000
00000000 00000000 00000000 00000 00000000000 000000 0000 000 0000
00000000 0000 00000 00000000000 000000 0000 000 0000 0000000 000000000
00000000 00000 0000 00000000000 000000000 000000 00000 0000 0000 000
000000 000 000000 00000 000000000000
00000000 0000 000000000 000000 0000 000 000000 000000000 0000
0000 000000000 00000000
0000 0000
00000000 0000000 000000 0000 000 0000 0000000 000000 000 000
0000 00000 000 00000000 0000 0000 000000000000
00000000 0000 000000000 000000 0000 000 000000 000000000
00000000 0000000 00000 0000
00000 000 000 0000 00000 000 0000000 00000 000000 00000 0000
00000000 0000 000000000 000000 0000 000 000000 000000000
000000
00000 000 000 0000 00000 000 0000000 000 00000 000000 00000 0000
000000 000000
0000 000000 000000 00000 00000 000000 00000 0000000 0000 0000
000000 0000000000 000000000 0000 00000 00000 00000000000 0000 00000
000000 00 000 0000000 0000000 0000 0000000 0000 00 0000000 00000 00000
000000 00000 00000000 00000 00000000000 000000000 00000 00000000
000000000 00000000 0000000 0000 0000000 00 00000 00000000000 000000
0000 000 0000 0000000 00000 000000000000 00000 00000 00000000 00000000
00000 00000000 000000 000000000000000 0000000 0000 00000 0000000
00000000000 0000 000000000 00000000 00 00000 0000000 000 000 00000 00
00000 0000000 000 0000 0000000 0000 0000000000 00000 000000 00000000
0000000 0000000 0000000000 0000 00000000000 000000 000000 0000000
000 0000000111 111111 11000 0000 00000000 0000000000
000 0000 00000000000 0000000 00000 00000 0000
00000000 00000000 00000000000 000000 0000000 000000
0000000000000 000 0000000000 00000 000000000 00000
000000000
0000 0000000111 111111111 111 11111111 11000 0000000
0000000 00000 000000 0000000 000000000 00 0000 000
0000 00000000 00000000 000000000 000000 0000
000000000 00000
00000 000000 0000000 000000000 0000000000 00 0000 000 00
000000 00000 00000 00000 000000 00000000 00000 00000
0000000000 00000 00000000000 000 0000 0000000 0000
000000000 000
0000 0000000000 000000 0000000 0000000000 00000 0000
00000000 000000000 00000000 000000111 1111111111
111000 0000 000000000 0000 0000000000 000111
1111111111 11111111 1111111111 1111000 000000 0000
00000000000 0000000000 000000000 0000 00000
000000000 0000 0000000 0000 0000000 000111 111000
00000000000
00000
000000 000000000 000000000 0000 000 000000 0000000000 000000
000000000 00000 00000000 000000000000000000 000 00000 0000000 0000
0000000000 00111 1111111111 111 111111 111 111111 11 1111111111 111
11111111111 11000 000 000000000000 000000000 0000000 00000000000
00000 00000000 0000 00000000 000000 000000 00000 00000000 00000000
00000000 000000000 00000000 00000000
000000000 000000 0000000000000 000000 0000 00000 000 00000
00000000000 0000000 00000000000000 0000 0 0000 0000 0000000 000000
0000 00000000000 000000 00000000 00000 00000 00000 00000 000000000 000000
00000000 000000 0000000 000000 00000 0000 0000000000 000000 0000000
0000000000 0000000000 000000 00000000 000 000000 000000 0000 0000
000000000111 111111 1111111111111000 00000 000000 00000 0000 000000
00111 11111111111 1111111000 000000 0000 0000000 00000000 0000 00000
000000000 0000111 111111111 111000 0000 000000000000 0000 0000000
0000 00000000
00000 000 0000 00000 00000000000 0000000000 000
00000000000000 0000 000000 00 000000 000000 00000 000000 00000000
00000 000000 000000 000000000 0000 0000000000 0000000 00000 0000
00000 00000000000 00000 00000000000 00000000 0000000000 0000
0000000000000 0000000 00000 000 0000 0000000 00000 00000 00000000
000000000 00000 000000 00000 00000000 00000000000 0000000000000 0000
00000 000 000000000000 000000 00000000 0000 00000 000 000000000000 0000000
0000 0000000000 00000 000 0000 000000000 000000 000000 000000 000000
0000 000000 0000 000 000 0000000 0000 0000 00000 000000 00000
0000 000000000 00 000 0000 00000 000000 0000000 0000 000000000 000000
00000 0000 0000000000 0000 0000000 0000 00000000 000000 000 00000000 0000
000000 00000 00000000 0000 00000 00000000 000000000 0000000000 000
00000 000000000 000000000 00 0000000000 0000000000 000000 00000 00000
00000000 000000 00 000000
00000 000 00000 000000000 00000000 00000000000000 0000000000
00 00000 0000000000 0000 0000000 0000 0000000000 0000 000 00000
00000000000 000000 000000 00000000 000000 0000000 0000000000
00000 000000 00000000 00000 0000000000 000000 0000000 000000000
000000 00000000 0000 00000000 0000000 000 000000
00000 0000000 0000 0000000 00000 000 00000 0000 00000000000 00000
0000 0000000 000 00000 0000000 0000 0000000 0000 00000 00000000
000000000000 00000000 0000 0000000000 000000000 0000000000 00000000
0000 0000000 0000 0000000000 0000 0000000000000 000000000 00000 000 0000
000 0000000000 00000000 0000000000 00 0000 0000 0000 00000 00000000000
0000000 000000 000000
000 0000000 00000000 0000 00000000 00 00000000
0000 0000
0000 0000 0000 0000 0 0000 0000 000 00000000000 000000
00000 0000 0000 000000000 000000 0000000 0000000 0000 0000000 0000
000000 00000000000 000000 00000 0000 000 0000000 00 00000 0000000
00000000 00000000 0000 000 0000 00000000 00000000 0000 00000000 0000
00000000000 00000000000
0000 0000 0000000000 0000 00000 000000 00000 00000000 00 00000
0000000 00000000 00 00000000 0000 00000000 000 0000 00000000 00000000
00000 0000000 00000000000 0000000 0000 0000 00000 000 0000000 00000000
00000000 0000 0000 0000 00000 00000000 000000000000000 000 000000000
00000000000000 00000000 0000000 0000 0000000000 000000 000 0000
00000000 000 000000 000000000 000 000000000 00 000000000 0000 00000000 0000
00000000000 0000000000 0000 00000 0000000 00000000000 00 0000000
0000000000 000 0000000 00000000 00000000000
0000 0000 00000 0000 000000 0000 00 0000000 000000 000000 00000
0000000 00000000 0000000 00000 0000000000 000000 00000000000000000 0000
0000000 0000 000000000000 000 000000 0000000 0000 0000 00000 000000
0000000 00000 000 00000000 00000000 00000000 00000 00000 0000000
00000000 00 0000000 00000000 00 000000 0000 00000 0000000000 0000000
0000000 000 00000000 0000 000000000 00000000
0000 0000 0000000000 000000 0000 0000 0000 00000000 000 0000 0000000
0000 00000000000 000000 000000 00000 00000000000 000 00000 0000000 0000000
00000000000 00000 00000000 00 00000000 00000 0000 00000 00000000 000000
0000 00000000000 0000000 00000 00000000000 00000000
0000000 000000 00000000000 0000 000000000000 0000 00000000
0000000 00000000 00000000 000 000000000 0000000000 0000 000000 0000
00000000 00000000 00000000 00000 0000000 000000000 00000000 00000000 000
00000 0000000000 0000 0000000 0000 00000 0000 000 00000 000000 0000 0000
0000 000 00000 00000 000 0000000 000 0000 00000 0000000 00000000
00000000 0000000000 00000 0000 00000 00000000 00000 00000000 000 00000
00000000 0000000000000 00000 0000000 0000 00000000 0000 0000
00000000 0000 000000 0000000 0000000000 00000
0000 0000 0000000000 0000 0000 000000000 000000 00000 0000000
000000 0000000 000000 00000 00 00000 00000 00000000 00000000
00000000 00000000 00000000 00000000 000000000 0000 0000000 000000 000000
0000000 00000000000 0000000 0000 0000 00000 0000000000 00000000
000000000 0000000000 00 00000000 00000000 000 0000000 00000000
00000000 0000 0000 0000000000 00000000 000000000 0000000000 00 00000
00000000
0000000 000000 0000000 000000 0000000000 00000000 0000 000000
00000 0000000 000000 0000 00000000 0000 0000000 000000 00000 000000 00
0000 000000 00000 000000000000 000000 0000000 000000 0000 00000
00000000000 00000000 000000 0000000 000000 0000000 0000 00000 00 0000000
00000 00000000 000000 00000000 000000000000 00000 000 00000000
00000000 00000000 00000 000000000 0000 00000 00000000000 000000000
000000 0000000000 000000000 000 000 000 000000000 00000000 00 0000 000
00000000 000 0000 000 00000000 0000000000
00000 0000000 0000 0000000000 0000 0000 000000 00000000 0000
0000000000 000000 0000000 00000000 0000000 000 00000 00000 000000 000000
00000000 000000000 111 111111 111 1111111111 11111000 000000 00000 0000
00000000 0000 00000 000000000 0000 00000 0000000 000 0000000000 000
0000000000 000000 00000000 000000000 0000000 000000 000000
00000000 0000 000000000 000000 0000 000 000000 000000000 000
0000 0000 000000000 00000000
0000 0000
00000000 0000000 0000000000 00000 00000 000 000000 0000
0000 0000000000 00000000000 0000000000 00000000 00000 00000000000
000000 00000 000000 0000 0000 000000000 00000000 0000 000000000000
0000 000000000 00000000 00000000 000000000 00000000 000000000
0000000000 00 00000 0000000 0000000 00000000000 0000000 00 000000000
0000 0000000000 0000 0000000 0000 00000000000 000000000000000 0000
000000000000 0000 0000 0000 0000000000
0000 0000 0000000000 00000 00000000 0000 0000 0000000000
0000000000 000000 0000000 00000000000 0000000 00 000000 00000
000000000000 0000 0000000 0000000000 00000 00000000 00000000 0000000000
0000000000 0000000 00000000000 0000000 000000000000 0000 00000
00000000000000 00000000 000000 000000 000000000000 0000000
00000000000 00000 0000 000000 00000 000000000000 000000 000000 0000000
000 0000000000 000000 00000 00000000 0000000 00000000000 0000
000000000 000000 00000000000 00000000 00000000 000 00000000000
00000 0000000
00000
00000000 00000000 00000000000 0000 000000 0000000 00 000000 00000
00000 000000000 0000 00000000 0000000000 000000 00000000 000 00000000
000000 0000 00000 000000 00000000 00000000 000000 00000 00000000 000
0000000 00000000 000000 0000000 0000 0000000000 00 000000 000000
0000000000 000000 0000 0000000000000 0000 00000 00000 000000000000
0000 00000000 00000000 000000 000000 00000000 00000000 00000000000
0000 0000 0000000000 000000000 0000000 00000000 00 000000 000000
00000000000 0000000000 00000 000000000000 00000000 00000000
00000 000000000 00000000 0000000 00000000000 00 0000000000000000
00000000000000000 00000000 000000 0000000 00000000
000 00000000 00000 000000000 000000 00000000000
00000000 00000000 00 00000 000 000000
000000000000 0000000 00000000000 00 00000 000000
000 0000000000 000000 00000000 000000000000 0000
00000 000 000 0000000 000000
0000 00000000 000000000 00000 000 00000 0000000 00
00000000000 000000 000000 000000000000 0000
00000000000 00000 000000 0000 000 000 00000
0000000 000000
00000 00000000 000000000 00000000 00000000000 0000 00000
00000000 00111 111111111 11111111 111000 00000 0000
0000000000 0000 0000 000
0000 00000000 00000 000000000 00000 0000 00000000 00000
0000 000 0000 000000 00000000 0000 00000
00000000 0000000 00000000000 0000 00000 00000000 00000 00000000
0000000000000 0000000 00000 00000000 00000000 00000000000 000000000
000 00000000 00000 00000000000 0000000 00000000
00000000000 00000000000 00000000 0000 0000000
00000 000000 00 00000 000 00000 00000000 00 00000
000000000 000000 000000000000
0000 00000000 00000 000000000000 0000000 00000000000
000000000 0000 0000000000 000000 00000 0000 00000000
00000000000 0000 0000000 00 000000 00 00000
00000000 00 00000 00000000000 000000 000000000
00000000 000 00000000 00000 00000 00000000
00000 00000000 00000 000000000000 0000000 00000 00000
0000000 00000000000 0000 000000 00000000
00000000000 0000 00000000000
0000 00000000 00000 0000000000 00000000 00000000000
0000 00000000 00000 00000 00000 000 0000000 00000
000000 00 0000 0000 000000 00000000 0000 000000
000000000 00000000 0000 00000000 00000 00000 00000 000
0000000 00000 000000 0000 0000000000 00000
0000000000 0000000000 000 00000 0000000000 000000
00000000 0000 000000 000000000000 000
000 00000000 00000 0000000000 00000000 00000000000
00000000 00000000000 00000 00000000 000000000
0000000 0000000 0000 0000000000 00000 00000000000
000000000 000 000000 000 0000 0000000 000000
00000 00000000 0000 0000 0000000000 00000 000000000000000
00000000000000 00 00000 00000000000 0000000000 00000000 000000000000
0000000 00000000000 000000000 000000 00000000000 0000 00000000000
0000000000 0000 00000 0000000 0000000 000000000 0000000000 00000000
0000000000 0000000 000000000000 00000000000 0000000000 00000
000000000000 00000 000000 00000000000 0000 00000 000 0000 000 0000
0000000 0000000000 0000000 0000 00000 000 0000 000000 00000 0000000
0000 000000000 0000000000 00000 000000000 0000000 00000 000000000000000
00000000 000000 00000000 0000 0000 00000000 00000000 0000000 000000
000000000000 00000000000 0000000000 00000 000000000000 00000 0000000
0000000000 00000000 0000 00000 00000 0000 00000 000000000 0000 00000
0000000 0000 000000000 00000000000
0000 0000 0000000000 00000000000 0000000 0000000 0000000000
000000 00000 000000000000 00000 0000000 0000 000000000 000000000
00000000 0000 00000000000 0000 0000 0000 000000000 00000 0000000 0000
0000 00000 000 0000000 00000000 00000000 0000 0000 00000 0000000000
000000000000 0000 000000000 000000 000000000 00000000 0000 00000
0000000 0000 000000000 00000000
00000000000 0000000000 000000000 000000 0000 00000 0000 0000
000000000 000000 000000000 00000000 00000000 00000 0000000000 0000000
0000000 00000000000 00000 00000000 0000 0000 0000000 0000000000 000000
00000 000000 0000000 000000000 00000000 000000000 00000000 00000000 000
00000 0000000 0000000000 0000 00000000 00000 000000 000000 00000000
00000 0000 000 00000 00000 00000000 00000 0000 0000000 0000 00000
00000000 00000 0000 0000 000000000000 00000 00000 00000 00000
0000000000000 000000 00000000 000000000 000000 00000 0000000 00000
0000000000 000 0000000000 00000 000000000 0000000 00000 000000 00000
000000 00000 00000000000 00000000000 00000 00000000000 0000000000
0000 0000000000 000000000 000000 00000 0000000 000000 00000 000000
00000 00000 00000000 0000000000000 00000 000000000
00000 00000000 0000 0000 0000000000 00000 0000000 000000 00000
00000000 00000000000 00000 00000000 00000 00000000 00 00000
00000000 00000000000 000000000 00000000 000000000 00000 000 000000
0000000 00000000 00000000 00000 00000 000000000 00000000 000000000
0000 000000000 00000 000 00000 00000 00000000 00000 0000 00000 000
0000 000000000 00000000 0000000000 00000000000 00000 00000000 000 00000
0000 00000000 000 000000000
0000 0000 0000000000 00000000000 0000000000 00000 0000000000
000000 000000000 0000000 0000000 00000000000 0000000 00000000 00
00000 000000 00000000 00000000 00000 000 000 000000 0000 00000000000
0000 00000000000 000000000 000000 000 0000 000000 00000 0000000000
000000 00000 00000000 000000000000 0000000 00000000000 0000 000000000
000 00000000 00000000 0000 00000 0000000000 00000000 00000000 00000000
000000 000000
0000000000 000000 0000 00000000000 0000000000 0000 0000000000
000000 000 0000000 0000 00 0000000000000 0000 00 000000000 000000000000
000000000 000000 0000 000000000000 000000000 0000 0000 000 00000 00000
000000000000 000000 00000000 000 00000 000000 000000 000000
00000000 0000 000000000 000000 0000 000 000000 000000000
0000000 000 0000 000000 00 00000 0000 000000000 0000000 000000 00000000
00000 0000 0000 000000000 0000 0000000000 000000000 00000 0000 000
000000000000 00000000 000 0000 0000000 0000 0000000 00 00000000 00111
111111 1111 111111111111 1111 11111 1111 1110001
