 
00000 000000000                                       0 
00000000 
00000 0000 
00000000 0000000 00000  
0000000 000000 
000000000 00000 
0000000 00 00000 0000 
000000000 000000000 0000 00000 0000 000000 
000 
111111111 1111 111111111 111111 111 1111111 111111 11111  
111111111111111 1111111111 
 
 
 
000000 00 00000 0000 
000000000 0000000 000000 00000000 00000 000 
 
0000000 0000000000 00000000000 0000000 000 
 
0000 0000 
0000 0000 0000 000 00000 0000000 000000 00000 0000 0000 00 0000000 
0000 000000000 0000000 00000 0000000 0000 00000 0000000 000000000 00000 
00000000000  00  0000  000  0000000000  00000000000  000000000  00  00000 
0000000 0000 00000000 000000 0000000000 0000 00000 0000 000000 000000 
00000 00000 000000 00000 000 0000000 00000 0000 000 0000000 0000 00000 
0000000000 00000 00000000 000000000 000000 000000000 00000 000 00000 00000 
0000000000 000 00000 00000 0000000000 0000000 000000 0000000000 00000000 
00000000 00 00000 0000 00000 00000000 0000 00000 0000 00000 00000 00000 
0000000000 00000 0000000 00000000000 0000000 0000000 0000000 0000000 
0000 000000 00000  
 
 
0000000000 00000 0000  0000000000 00000 0000 
000000  000000 
 
000 000 00  000 0000 0000 
   
0000 0000 000  00000 0000 000 000 
   
000 000 000  000 000 0000 
   
0000 0000 000  0000 00 000 
   
000 0000 00000 
0000 000 000 
 
 
 
 
00000 000000000                                       0 
000000 000  0000 00000 00 
   
0000 00 0000  0000 000 00 
   
000 000 000  000 000 0000 
   
00000000 0000  00000 000 000 
   
000000000 0000 
 
 
000 00000 000 
 
 
00 000 000 00 
 
 
 
00000  000000  00000  0000000  00000  0000000  000  000  00000  0000 
000000000 000000 000 0000 00000 000000 00000 0000000 0000000000 000000 
000  0000000000  000000000  0000  00000000  0000  00000  00000  000  00000 
00000000000000 000000 000000000 000000 0000000 0000000 000 0000 00000 
0000000000000 0000 0000000 000 00000000 0000 0000 0000000 000 0000 
00000 00000000 000 0000 0000 0000000 0000 00000  
000000  0000000  0000  0000  0000000  0000  00000  00000000000  00000 
000000000  00000000  000  0000000  00000  0000000  0000000000  000000 
0000000000 0000 00000000 000000 00000 00000 00000 0000 000 000000 000 
000000 0000000000 000000 00000 00000000 00000 0000000 000 00000 00000 
0000000 00000 0000000 0000000000 0000 000000 000 0000000000 0000 00000 
00000000 0000 00000 0000 00000 00000 000000 000 00000 00000000 0000000 
000000 000000 
 
0000 0000 
00000000 0000000 00000 000000 000000 000 000 0000 000000 000 0000 
0000000 000000 000000 00000 000000 0000 0000 000000000 000 000000 00000 
000000 00000 0000 0000 00000000 0000 00000 0000 00000000 00000000 000 
00000000000  000000000000000  00000000  000000  00  00000  00000000000 
00000 000000 000000000 00000000 000 0000000000000000 000000 00000 0000 
0000000000  
0000  0000  0000000000  000000000  000000  00  0000000000 
000000000000000  0000000  0000  000000000000  0000  0000  0000000000 
00000000000 00000 0000000 0000000 0000000000 000 00000000 00000000
0000000 0000000 00000000 
000  000 0000000000 00000 00000000000 000000 000000000 
00000 0000000000 0000 0000 0000 000 000 00000 000 
0000  
 
00000 000000000                                       0 
0000  00000000 0000 0000000 00 0000000000 0000 000000 
00000 00000000 00000000000 00000 0000000  
00000 000 0000 0000 00 000 000000000 0000 000000000 0000000000 
00000000 00000000 0000 0000000 000000 0000 0000 0000000000 00000000000 00000 
000000000000 0000 0000 0000000 0000000 00000 000000 00000000000 0000 
0000000 00000000000 000000 00000 000000 0000 00000 00 0000000 0000000 
0000000  0000000  00000  000  0000000  0000  00000000000  0000000  0000000 
000000000  0000000  0000000000  0000  0000  0000000  0000000  000000 
0000000000 000000000000000 000000000 0000 000000000 000 00000 00000 
00000 00000000 0000 111111 000 0000000 000000 0000 0000000000  
000 000000 0000000000 000000000000000 00 00000 0000000 000 
000000000000 000000000000 00000 00000000 0000 0000 0000000000 00000 
0000000000  0000000000  000000000000000  00  00000  0000000  000 
000000000000 00000000000 00000000 000000 00000 0000000000 000 000000000 
00000000000 00000 00000000 0000 00000000 000000000000 00000000 00000 
0000000000  000000000000000  00  00000  0000000  000  000000000000 
00000000000  000000  000000  00000000000  0000  00000  0000000  0000 
0000000000 0000000 0000 00000000 00000 00000 00000  
00000000000000  000  000000000  000000  00000000000  000000 
000000000  000000  00  00000  00000000  0  000000000000  00000000000  000 
0000000000000 000000000000000 0000 00000 00000 000000000 0000 00000000 
00000 00000000000 000000000 0000000 00000 00000000000 00000000000 000 
0000000000000 00000000000 00000 0000  
000000000  0000000000  000000000000000  00  00000  0000000  000 
000000000000 000000000000 0000000000 0000 000000 0000 00000 0000 000000 
00 000 00000 00000000000 00000 0000 0000 000000 0000 00000 0000 000000 00 
000 00000 00000000 000000 0000000000 000000000000000 00 00000 0000000 
000 000000000000 00000000000 00000 000000000 00000000 000000 0000000000 
0000000000 00000000 00000 0000000000 00000 0000 00000000 000 00000000000 
00000000 00000000 000000 0000000000 000000 000000000  
0000000000 000000000 000000 0000000000 000000000000000 0000 
000000 00000000 00000000 000000 0000 0000 000000 00000000000 0000000000 
0000000 0000000 0000 00000 0000 0000 0000000000000 000000 0000000000 
000000000000000 00 00000 0000000 000 000000000000 000000000000 00000 
00000000  0000  0000  0000000000  0000000  0000000  0000000  000000000 
00000000000  00000  0000000  00000000  0000000  00000  0000000000000 
000000000000000000000 000000000 0000 00000000000  
 
00000 000000000                                       0 
000000000 0000000 0000 0000000 0000 00000 00000 0000 00000 00000000 
00000 000 0000 00000 000000 00 000000 0000 000000 0000 00000000 000000 0000 
0000 00000000 000000 0000 000000000 00000000 00000 00 000000 000000 00000 
0000 0000 000000000 000 000000 00000 0000 0000000000  
00000 
 
00000000000 000000000 000 00000000 00000000 000000  
00000 0000000000 0000000000 000  
000000000 0000 00000 000 00000 00000 
 
0000 0000 
0000 0000000 0000000 00000000 00000000 0000 0000 000000000 000 
0000 000000000 00000000 0000000 00000  
000000000 0000 00000 000 00000 00000 0000000 0000000000 00 000000000 
0000  00000  000  00000  00000  000  00000000  00000  00000000  000000000 
00000000000  000000000  00000000  000  0000000000  00000000000  00000 
00000000 000 00000 0000 000000000000 000000000 000000000 00000000 00 
00000  00  00000000  0000  00000  0000  000000  000000000  0000  00000  00000 
00000000000 00000000000 0000 00000 000 000000 000000000  
000000  0000  0000  00000  00000  0000  000000000  000000  00000  000000 
000000000 111111111 000 0000000000000 000000000 0000000000 00000 000000 
0000000  00000000  00000000  000  0000000  0000  00000  0000  000000000 
00000000000 0000000 00000000 000 000 00000 00000 000 0000 00000 000000 
00000000 000 0000000000000 000000000 00000 00000000 00000000 000 000 
00000 00000 000000000000 0000000000 000000 0000 0000 0000000 000000000 
0000000 0000 00000 00000000000 00000 00000000 000 0000 0000 000000000 
000000000 0000 000000  
000  00000000 000000 00000 0000 00000 000000 00 00000 0000 
000000 0000 0000 00000000000 0000 0000000 00000 
00000000  00000000  00000  000  000000  00  00000000 
00000000 00000 00000  
0000  00000000  000000  0000000000  00000  00000000 
00000000 0000 00000 00000 000000000000 000000 00000000 
000000000 0000 00000 000000000 00000 00000 
00000  00000000  000000  00000000  000000  0000000000 
000000000 0000 0111110 00 00000000 000000000 00000 
0000 00000000 0000000 0000 000 00000  
0000  00000000 00000000 0000000 000 00000000 0000000
000000 00000000 000000 000 00000000 0000000 000 
 
00000 000000000                                       0 
0000 00000000 000 000000 0000000 0000 00000 000 
00000 000000  
000  000000  00000000000  0000  000000000  00000 
0000000000 00000 000000000000 0000 0000000000 
000000000  0000  00000  000  00000  00000  00000 
0000000000  00000  000000000  0000  000000  00000 
00000000 000000000 000000 0000000 0000 000000 000  
0000  000000  00000000000  0000  000000000  00000 
0000000000 00000 000000000000 0000 00 000000 000 
0000  00000000  000  0000000000  000000000  0000 
00000 000 00000 000000  
000000 000000 000000  
 
0000 0000 
00000000 0000000 000000000 000 00000000 00000000 000000 000 
000  0000  000000  000  000  0000000000  111111111111111  11111111111111 
11111111111 000 00000 0000000000 000000 00000 0000 0000 000000000 000 
000000 00000 0000 000000000 00000 0000 000000000000 000000 0000000 0000 
000 00000000 0000000 0000000 0000 00000000 0000 0000000000 000000 00000000 
0000000000  0000  000000  000000000000  0000  000000  000000  0000000 
0000000 0000  
0000 0000 0000000000 00000 00000000 0000 0000000000 00000000000 
000000000 000 00000000 00000000 000000 0000000 00000 00000000 00000000 
00000  00000  000000000000  00000  000000  0000000000  00  00000  0000000
000000 00000 00000 0000000000 000 0000000000000 0000000 0000000000 00000 
000000000 0000 00000000 000000 0000 0000000000 0000 00000000 0000000 0000000 
0000000 00000 000000 00000000 000000 000 0000000 000000 000000 00000000 
0000000  
0000000 0000 0000 000000000 00000000 00000000 0000000 000000 00000 
0000 00000 000000 0000 00000 00000000000 00000000 0 00000 0000 00000 00000000 
00000 00000 0000000 00 000000 00000000000 000000 000000000 000000 0000 000000 
000000000000 00000 0000 00000 000000 000000 0000000 000000000 000000 00000 
0000 00000 000000 0000 00000000000 00000000 000000 000000 0000000 000000 00 
000000 00000 0000 0000 0000000000 0000 000000000  
00000000  0000  000000000  000000  000  0000000  000000  000000 
111111111111 
 
 
 
00000 000000000                                       0 
00000 000 000 0000 000000 000 000 000000000  
 
0000000 00000000 000000  000000 00000 
 
00000000  00000 
0000000  00000 
00000   000 
0000000 00000000000   000 
00000 000000   000 
00000   000 
00000   000 
000000 00000000  000 
000000   000 
000000   000 
00000   00 
000000   00 
00000000   0 
0000000000   0 
000000   00000 
 
00000000 000000 00000 0000 0000 0000000000 00000 00000 000000000000 
000000  000000  00  00000  00000  00000  0000000  000000  000000  000000000 
00000000000 000000000 00000000 0000 0000000000 0000 0000000 000000 000000 
00000000 00000000 000000 0000000000 00000 00000000 00000000 0000 00000 
0000 0000000 0000 000000 000000 00000000 000000 0000000 00000000 0000 00000 
00000 000000 00000 00000000 0000000 00000  
000000000  00000  0000000000  00000  000000  0000000  000000000  0000 
000000000 00000 0000 000000 0000000 00000000  
 
0000  0000 000000  000000 0000  00000 000000  000000 
0000 
00    000000  00000000000  000000  0000000000 
 
00    00000000  0000000000000  00000000  00000000000 
 
000000   0000000000000  000000   00000000000 
 
000000000 000000 000000 0000000 00000000 00000000 000000 0000000000 
000000000  00000  000000  00000000000  00  00000  00000  00000  00000000000 
000000000  00000000  000  000000000  00000000  0000  00000000000  000000000 
00000000  000000  00000000000  000000  00000  0000000  0000  0000000000  00 
00000000 00000000000 000000000 00000000 000 00000000000 000000000 00000 
00 00000000 00000000000 000000000 00000000 000000 00000 000000 00000000  
000000000  00000000000  00000000  000000  00000000000  1111111111111 
11111111111111 11 11111111 111 1111111 111111 11111111 1111 111111111 1111 
 
00000 000000000                                       0 
1111111 00000000 0000 11111 111111 111111111111 00000 000000 00000 00000000 
00000000 000000 00000000000 1111111111 11111 11 11111 00000000000 00000 
0000000  0000  0000000000  0000  00000 000  00000  0000000000  00000000 
000000000 00000000 00000000 00 00000000 00000000000 000000000 00000000 0000 
00000000 000000000 0000 011111 111111111 1111111 11111110 00000000 00000000 
00000000 0000 000 00000 0000 00000 0000 000000 0000000 00000 000000 
00000000 000000 00000000 000000000 0000 011111 111111111 1111111 1111
1110 00000 00000 00000000 00000000 000000 0000000 0000 000000 0000000000 
0000  00000000  0000000000  000000  00000  00000000  0000  00000  0000000  0000000 
00000000 0000000 0000000000 000 000000 00000 00000000000 000000000 000000000 
00000000 0000 0000 000000 000000000 00000 000000 00000 0000000000 0000 00 
000000 00 000000 000000000 00000000 00000000 00000000 00000000 00000000 
0000 000 00000 0000 00000 0000 000000 0000000 00000000 
 
00000000 0000  000000  0000000000  0000  00000  00000 00000  000000 
0000000  0000  0000  00000000000 
0 0  0  0  0  0  0  0  00 
0 0 00   0  0  0  0  0  0  0 
00 0 00   00  0  0  00  0  0  00 
00 0 00   000  00  00  00  00  00  000 
00 0 00   000  00  000  00  00  0  000 
00 00   00  0  00  0  0  0  00 
000000  000  00  000  000  00  00  00000 
 
 
0000 000000 000000 00000000000 00000000 0000 00000000 00000000 
00000 0000 000000 000 00000 000000000 00000 000000 00000000 0 00000 
00000 00000000 000 00000000 00000000000000 00000 0000000 00 000000000 
0000 000000000 00000000 00000000000000 00000000 000000 000000 0000000 
00000000 
 
0000  000000  0000 00000000 
 
00000000000000 
  00  00000  000 
 
00  00000 000000  000 
 
00  000000 00000000  0 
 
00  00000000  000 
 
00  00000 000000000 00000 000000   0 
 
 
00000 000000000                                       0 
 
0000 000000 0000 00000000000 0000000 00000000 0000000 0000 0000 
0000  0000  0000000000  0000000  000000  000000  00000000  000000  0000 
000000000000  00000000  00000000000000  0000000000  00000000  00000000 
000000000 00 000000 000 0000000000 00 00000 0000 000000 0000 00000 
00000 00000000 00 00000 00000 00000000 000 000 0000000000 00000000 
000000000  00  00000  0000000  00000  00000  0000000  00  00000000  000 
00000000 000 000 0000 00000 0000000000 0000000000  
00000 00000000 0000 0000 000000000 00000 000000000 0000000000 
0000 000 00000 00000 00000 0000000 00000000 000000000 0000000 00000000 
000  00000000000  0000000000  000  00000000  00  00000 
0000000 0000 000 0000000 000 00000 000000000 
0000 0000 
0000  00000000  0000  000000  000  00000000000  00000  00 
00000 0000000 00 0000 000000 0000 00000 00000 
00000  0000000000  00000000000  0000  00000000000 
000000 000000000 0000000 000000 000000000 00000 
00000  00  00000  0000000  0000  0000  0000000000 
0000000000000 000000000000 00000 000000 0000 
00000 00000 000 
0000  0000000000  00000000000  00000000000  000000000 
000000000 00000000 000 0000000 00000 0000 0000000 
00000 0000 00000 0000000000 00 00000 0000000 0000 
0000 000000 0000 00000 00000  
 
0000 0000 0000000000 000000 0000000 00000 00000000 0000 0000 
0000000000  0000  0000  000  0000  00000  00000000  00000  0000000000 
000000000000 0000 0000000000 000000000 0000 00000 000 00000 00000 
000000000000 0000000 000000 000000 00000000 00000 0000000000 000 
000000000000000  000000000000  0000000  111111111111  1111  11111 
000000 0000 00000 0000000 0000 0000 00000000000 000000000000 00000 000 
0000000 000000  
00000  0000000000000  00000000000  000000000  000  00000000 
00000000 000000 0000 000000000 00000000 00000000 000000000 00000000 
000000000 000 0000 0000 0000000 000000 0000000000 00000000 0000000
000000 0000  
000000000000  000  0000000000  000000000  00000  0000000000000 
000000000000000 00000000000 000000000000 00000 000 0000000 00000 
 
00000 000000000                                       0 
0000  0000000000  0000  0000000000000  00000000000000  000  00000000000 
0000000 00000 00000000000 00000000000 00000 000000 000 000 00000 
000000000 00000000000 000000000 000000000 0000000 000000 0000000 
000000 00000000000000 0000000 000000000 0000000 000000000 00000 000 
0000000 000000000 00000 000000 00000 00000 000000000 
0000000  000000  000000  00000000  0000  000000000000  0000000 
000000000000000 00000000000 00000000 000 0000 0000000 0000000000000 
00000000000000  000  00000000000  0000  0000  00000  00000000000 
000000000000 00000 000 0000000 000000  
0000  0000  0000  000000000000  000000000000  0000000  111111
111111 1111 11111 000000 0000 0000 00000000000 000000000000 00000 
000 0000000 00000 0000 00000 0000000000 0000 0000000 000000 000000 
00000000 000000000 000000 000 0000000 0000 00000 0000 00000000 000 
0000000000 000000000 0000 000 00000 00000 00 000000 0000  
000000000 000000000 000000000 000000 00000 000000000 0000 00000 
000000000 000000 00000 000000000 00000 000 000000 00000 0000000 
0000 00000 000000 00000 00 0000 00000 0000 0000 00000 00000000000 
00000000 00000 00000000 000000000 0000 00000 00000 000000 000 0000000 
000000 0000000000 00000 0000 00000000 0000 000000000 000000 00000 
0000 00000000000 0000 0000 
0000  0000  0000000000  000000  00000000  000000  0000000  00000 
00000000 0000 0000 000000000 00000 0000 0000 0000 0000 00000 00000000 
00000 0000000000 000000 000000000000 00 000000 000 0000 00000000 000 
0000000000 000000000 0000 00000 000 00000 000000  
00000 0000000000 00 000000000 000000 00000 000 000000000000 
0000000  000000000  000000  0000  00000000000000  0000  0000  0000000 
000000 0000 0000000000 0000 0000 0000000 0000 0000000 00000000 0000000 
000000 000000 000000000 00000 000000 00000000 0000000 0000000 000000000 
000000 000 0000 0000  
00000 0000000000000 0000 00000 000000000 00000000 00000000 
0000  00000000  0000000000  0000000  000000000  0000  000000  00  00000 
0000000000 0000 000000 0000 00000 00000 00000000 0000000000 000000000 
00000 00000 00000000 00 00000 0000000000 0000000000000000000 0000000 
00000  00000000  00000  0000000  00  0000  0000000  0000  00000  0000 
00000000000 000000000 000000000  
0000  0000  00000  00000000000  000000  00000000  000000  000 
00000000000  000000  000  000  00000  00000  00000  0000000000000  0000 
000000000 0000 000 000000000000 00000000000000 00 000000000 0000000000 
 
00000 000000000                                       00 
000000 00000 0000 0000 0000000000  
00000000 0000 000000000 000000 000 0000000 000000 000000 00000
0000  0000  0000000000  000000000  00000  0000  0000  000  000000000000 
00000000 000 0000 000000 0000 00000 00 00000 00000  
 
111111 1111 111111111111 1111 11111 1111 1111111 
 
 
