  1111111 11111 
1111111 
 
 
0 0 0 0 0 0 0 0 
 
0000000 00000 00000000 
1111111111111 1111111 
 
 
 
00000 0000 
1111111 1111111 
 
 
 
00000000 000000 00000 
0000000 000000 
000000000 000000 
 
 
0000 00  0000     0 00000000 0000 
     
   
 
 0 0 0 0 0 0 0 0 0 
 
 
  000000 00 00000 0000 000000000 0000000  
    000000 00000000 000000000 
 
0 0000000 00000000 0000000 0000 0000 00000000 000000 0000000 
    0000000000000 000000000 00000 00000000000 00 00000000  
      00000 000000000000000        
        0 111 1111 111111111 11111111111 11111 11111 111111               00000000 00 
 
0  000000000 00000 0000000000 0000000 00000000000  
00000 0000000 0000000       
        0 111 111 1111111 111111111 1111111 1111111 111111                00000000 00 
   
 
   
   
 
 
 
