 
 
 
 
1 1 1 1 1 1 1 1 1 
 
 
 
 
 
1111111111 
   000000000000 000000 0000 0000 00000  
     000 000000 0000 0000000000000 00 00000 0000 00  00000000        00 
   00000 000000000 000 000000 0000000000  
     00000000 000000000 000000000  00000000        00 
000000000000 000000000 00 00000 0000 00000    00000000    0000 
 
1111 1111111111111  
111111 11 11111 111111111        00000000        00 
  
1111 11111111111111 
   0000 0000000000000 00000000000 000 00000 0000000  
     00000000 000000000 000000000 0000  00000000        00 
   0000 0000000000000 0000000000 00000000000  
     00000000 00000 000 000000000 000000000 0000    00000000    0000 
 
1111 1111111 11 11111 1111 111111 
   0000000 000000000000 0000000 00000 000000  
    00000000 000000000 000000000 000       00000000      000  
 
111111111 1111111 111111111 
  0000 00000000 00000000 0000        00000000    0000  
0000 000000 0000            00000000    0000 
0000 00000 000000 0000          00000000    0000 
 
1111111111111 111111111111 
   000000000000 00000000000 000000000 00000  
    0 00 0000 000 0000 000 000000000 0000 000000    00000000    0000 
      0000000000 000000 00000 00000 000000 000000000000 0000 
    0 00 0000 000000 000 000 000 000000000       00000000    0000 
 
 
 
00000000000 00000 
00000000 0000000 00000 
00000000 00000000 
0000 

