 
000000000 
 
       
      000000 00 00000 0000 000000000 0000000  
  000000 00000000 000000000 
 
0  000 000000000 000000000 00 00000000 0000 00000000 
       0 111 1111 1111 1111 11111 111 11111 111111111        00000000      00 
 
0  0000000 00000 00000000 0000000 000000 0000 000000 0000000 
    0000000 000000 
       0 111 1111 1111 1111 111 11111 111111           00000000      00 
00000 0000000000  0 
 
00000000 
00000 0000 
00000000 0000000 00000  
0000000 00000 
000000000 0000000 
0000000 00 000 0000 
000000000 000000000 0000 00000 0000 000000 
000 
111111111 1111 111111111 11111 111 111 11111  
111111111111111 1111111111 
 
 
 
000000 00 00000 0000 
000000000 0000000 000000 00000000 00000 000 
 
000 000000000 000000000 00 00000000 0000 00000000 
 
0000 0000 
  0000 0000 0000 00000 000 00000 0000000000 000000 00000 0000 0000 0000000000 
000000 0000000 0000 00000 0000000 0000 0000000000 0000 00000000 00000 0000000000 00 
0000  00000000  000000000000  00000000  0000  00000  000  0000000  00000  00  00000  000 
00000000 0000 000000000000 00000000 00000000 00000 00000 0000000000 00000 000000 
0000  000000  0000000000  000000000  00  0000000  0000  000000  0000  000000000  0000 
0000000000 00000000 00000000 000 000000 00000 0000000 0000 0000000000 000000 0000 
0000 0000000 000 000 0000 0000000 0000 00000000 0000000 0000 0000000000 00000000 
000000  000000000  00000000000  00  0000000  0000  00000000  0000  00000000  000000000 
000000000000 0000000000  
  0000000 000000 00000 0000000000 00000 0000 00000 0000 00000 00000000 00000 
00000000 00000 00000 0000000 000000 0000000000 00000 000 000000 000000 0000 0000 0000 
00000000 00000 0000 00000 000000000 00000000 00000 000000 00000 000000000 00000 
000000000 0000000 0000 000000 000000000 00 00000000 00000 0000 00000 0000000 00 00000000 
000000 000000000 0000000 0000000 0000 0000 000000000 00 0000000 000000 000000000 00 
000000 0000 00000000 0000000 00 00000000 000000  
000000000 0000 00000 00000 00000 0000000000000 000000000000 0000000 00000000 
0000000  000  0000  00000000000  000000  00000000000  00000  00000000000  0000  0000000000 
0000000000  000000  0000  00000000  0000  00000000  0000000  0000  0000000  0000 
00000 0000000000  0 
 
000000000000 0000 000000000000 00000 00000000000 000000000 0000000 00 000000 000 00000 
00 00000000 000000 000000 00000000 00000 00000000000 00000 00000000 0000 000000000 
0000 0000000 00 00000000 00000 0000 00000 0000 0000 0000000000000 00 000000 000000 
000000 00000000 0000000000 000000 0000000 00000000 00000000 000000000 00000 000000000 00000 
0000000000000000 000000 000000000 00000000000 00000 0000000 00000 00000000 0000 0000 
000000 000000000000 00000 00000000000 0000 0000000000 000 000 0000 00000 0000000 
0000000000  
  000000 0000 000000000 00000 00000 00000 0000 000000 0000 000000 000000000 00 00000000 
00000 0000 000000 0000 00000 000000 000000 00000 000000 000 000000000 0000000000000 
0000 000000 000000 0000000000 00000 0000 000000000 000 000000 0000 0000000000 00000 
0000000000 0000000 00000 0000 00000000 0000 0000 00000 000000 000000 000 0000000000 
000000 000 0000000 00000 000000 0000 0000 00000 00000 000000 00000000 00000 00000000000 
00000 00000000000 000000000 0000 0000 0000 0000 000000 00000000 000000000000 0000 
000000000 00000000000 00000 0000000000 000000 000000 00000 0000000 00000 000000 0000 0000 
0000 00000 000000 00000 0000000000 00000000 11111 11111 000000 00000 00000 0000000000 
0000000 000000 000000  
 
0000 0000 
  0000000 000000000 000000 0000 000 0000 000000000 000 0000000 000000 00000 0000 
0000 0000000000 000000 00000 0000 000000000 0000 000000000 0000 0000 0000000000 0000 
0000 000 00000 000 00000000000 00000 0000000000 00000000 00000000 00 000000 0000 
000000000 00000 000000000 000000 000000000 0000000 0000 00000000 00000 0000 00000 00 
00000000 00000000 0000 00000 0000 00000 00000000 0000 0000000 0000 000000 00000000000 
0000000 0000 00000 00 00000000 000000000 00000 00000000 00000 0000 0000000 0000000 0000 
00000  0000  00000 000000  000000000 0000000  00000  00000000  0000  0000000  0000 000000 
00000000000 0000000 0000 00000 0000 00000 0000 00000 00000 0000000 0000000  
  00000000 00000000 0000 000000000 00000 0000000 000000 00000000 00000000 0000 
00000000 00000 0000000 00000 0000000000000 000000 00000000000 0000000000 00000000 
00000 0000 00000 0000000 00000 0000 00000000 00 00000 000000000 00000000 00000000 000000000 
000000000 00000 000000 000000000 00000 0000000000 0000 00000 0000000 0000000 00000 
000000000000 0000 0000000000000  
00000000000 00000000 0000000 00000000000 000000000000 000000000 00 000000000
00000000 00000 0000000 0000 0000 000000000000000 0000000 00000000000 000 0000000000000 
0000000000000  0000000  0000000000  0000000000  000000  00000000  000000000  000  0000000000 
00000 0000000000  0 
 
000000 00000000 011111111 111111110 000000 00000 0000 0000000 0000 00000 00000 000 000 0000000 
00 0000 0000000 00000000 0000 0000000 00 1111 11111111 0000 000000000 000000000000 
000000000 000 000000000 00000000 00000000 0000000 0000 000000 00000000 000000000 00 111 
1111 11111111 0000 00000 00000 000000 00000000  
  0000 0000 0000 00 000000 0000 00000000 00000000 00 000000000 000000000 00000000 
0000 0000000 00000000 0000 000000 0000000000 00 000000 00000 0000 000000 00000000 000 000 000000 
000000000  000  000  0000  000000  0000  00000000  000000000  000000  00000000  0000000 
00000000 0000 0000 00000000 00000000000 00000 000000 00000000 000000 000000000 00 00000 
0000000 000000 00000000 00000 000000 0000 00000 00000000000 0000 00000 00000 00000000 
0000000000 0000000 00 000000000 000000000 000000 00 0000 00000000 000000000 0000000 00000 
00000000 00000000 0000000 0000000 00 00000000 00000000 0000000 000000000000 000000000 000000 
00000 00000 0000 000000000 00000000 000000 00000 00000000 
00000 
  0000 0000 0000000000 000000000 000000000 00000 000000 00 00000000 00000 0000 00000 
00000000 0000 00000 111111 0000 0000000000 000000 000000000 00000 00000 000000 0000 000 00 
000000  0000000  000000000  000000  00000000  0000  0000000000  00000  000000000  00000000 
0000000000 00000000 00000 111111 0000 0000000000 00 0000000000000000000 00 0000 00000 0000000 
000  00000000  0000000  00000  00000000  0000  000000000  000  0000  0000000  000000000 
0000000000 000000000 000 00000000 0000000000 111111 1111111 0000 00000 111111 00 000000 000 0000 
00000 000000000 000 00000000 00000 00000000 0000000 000000000 0000000 00000 00000 
000000 0000 000000 0000000 000000000 000000000  
000000 0000 000000000 0000 0000 0000000000 00000000 00000 00000 0000 000 000000 0000 
00000000 0000000000 0000 00000000 00 000 0000 000000 0000 00000000 000000000 000 0000 
0000000000 0000000000 0000 00000000 00000 00000 00000 00000 000 00000 000000 000000 
00000000 0000000 000 00000000 00000000 00000000 000000000 0000000 000000000 0000000 
000000 00000000000 00000 000000 0000 0000 0000 00000000 00 00000 0000000 000000000 
00000000000 00 00000000 00000 0000 00000 000 000 00000 00000000 00000000000 00000000 
0000000000 0000000 000000000 0000 00000000 000000000  
000000 000000000000000 0000 00000000000 00000 00000000 00000 00000 00000 0000000 
000000000 0000000 
000  000000000 111111 00000 00000000000 000000 0000 0000 0000 0000 000000 
0000000 0000000000 00000 0000 00000000 0000 0000000 0000 
0000  00000000  00000  00000  0000000  000000000  0000  00000000000  00000 
000000 111111 000000 00000 000  
00000 0000000000  0 
 
00000  0000000000  00000  000  0000  00000000000000  00000000000  000000 
0000000 000000000 00000 0000000000 0000000 0000 1111 111 00000000 
0000000 0000000 0000000000 000000 00000 0000 000000000 01111110 
000000000  000000  000000000  000  0000  000000  00000  0000000  01111  11 
11111111110 0000000 0000000 0000000000000 00000000000 00 000 0000 
00000000  0000  0000000000  0000000  0000  0000000000  000000000 
000000000 000 0000000000000 00000 0000000 00000000  
 
000000000 000000 00000 0000000 00000 000000000 00000 00000 0000 00000000 00000 
00000 00000000 0000000000000 00000 000000000000 00000 0000000 00000 00000 0000 00000000 
0000 0000 000 00000 00000000 000000 0000 00000000 00 00000 000 00 0000000 0000000 00000 
00000 00000 00000000 000 0000 00000 0000000000000 00000 00000 000000000 0000000000 
000000000000 0000000000 0000 0000000000 000000 0000000 000000000000 000000 000000000 
0000 0000000000000 0000 0000000 000000000 000000 00000000000000 00000000000 00000000 
00000000 000000000 000000000000000 0000 000000 00 0000000 000000 00000 0000 0000 000
0000000 000000 00000 0000 0000000000 
 
 
0000000 00000 00000000 0000000 000000  
0000 000000 0000000 0000000 000000 
 
0000 0000 
0000  0000  0000  000  00000  0000000  000000  00000  0000  0000  0000000000  0000 
000000000  00000000  0000000  000000000  000  00000000  000000000  0000  00000  0000000 
000000000 00000 00000000000 00 0000 0000000 000000 0000000 0000 0000 000000000 0000000 
000000 00000 0000 000000 00 000000 0000 00000 00 0000 000000000000000 0000 00000 0000000 
0000000 00000 000000 00000000 00000000 00000000 000000 0000000 000 000 00000 00000 0000 
00000000 0000 00000 00000 00000000 00000 00000000 0111111 1111111 
00000 00000000  0000  000000000  00000000  00  0000000  000 00000 0000000000 000 
00000000  0000  00000  0000  000  000000  000  00000000  0000  00000  00000  00000 
0000000000000  00000000  00000  0000000  00000  00000  00000000  000000  000000000000 
00000000 00000 0000 00000 0000000000 0000 00000 0000 000 000000000000 000 0000 00000 
0000000000 0000 0000 00000 0000 0000000000 00000000 00000 0000000 0000000 0000000 
0000000000000000  00000  000000  0000000  00000  0000000  000000  0000  00000000000000 
0000000000000 000 00000000000 000000 00000000000 000000 0000 00000 0000000000 0000000 
00000 0000000000  0 
 
0000000000 0000000 00000000000 0000 000000 00000 000000000 000000000 000000 0000000 
00000 00000000 00000 0000000000 00000 000000 000 00000000 000000000000 00000000000 
0000000000000 00000 00000000000000 000000 000000 00000000 0000000000 000000000000 
0000000000 0000 000000000  
00000000 000000000 00000000 0000 000000000 000000 00000 0000 000000 00 0000 00000 
00000 000000 000000000 000000000000 000000 000 0000000 000000 0000000 00000 00000000000 
000  00000000  00000000  0000000  0000000  00000  000000000  000000  000000000  00000 
0000000000  00000000  000000  00000  00000000000000  000000  00000000  0000000000000 
000000 0000000000 000000 00000000 00000 00000000000 0000000 000000000000 0000 0000 
00000000 0000000 000000 000000 
 
0000 0000 
  00000000  0000000  000000000  000  00000000  00000000  000000  0000  0000000 
000000 0000 000 0000 00000 0000000000 000000 000000 00000 0000 0000 0000000000 
000000 00000 0000 000000000 0000 000000 00000 00000000 0000 0000000000 000000000 
00000 0000000 00000000 000000 0000000 00000 00000000 0000 00 0000 0000 00 0000000 
0000000 00000 0000 000 0000 0000000 000000 00000 0000000 00000 0000 000000  
00000 000000 00000 000000 0000000 000 000 00000 00000000 0000000000 00000000 
000000 0000000 00000 00000000000 00000000 000000 0000000 00000000 000000000 00000 
0000000 00000000 000000 0000 00 00000 00000 00000 0000000000 0000000 00000 000000 
0000000 00000 0000000000 0000 00 00000 0000 00000 0000 000 00 0000000 0000000 000000 
0000 000000 0000000 00 00000 0000000 00000 00000000 00000000000 00 00000 00000 00000 0000 
000000000  000000000  0000000  00000  00000  0000000  00000  00000  00000000  0000000  0000 
000000000000 000 000000 00000000  
  00 000000 00000 000000000 0000 00000 0000000000000 000000 000 000000 0000000 
0000 0000 000 000000 00000 00000 000 00000 0000 000 00000000 0000000 000000000 000 000000 
0000000 0000 00000 000000 0000 0000 00000000000 00000000 0000 00000 000000000000 00000 
0000000000 000000 0000000000 000 00000 0000000000 000 000 00000 0000000000 00000 
0000000000  00000  00000000  0000  000000  00000  0000000  000  00000000000  000000  00000 
00000000 000000 00000 0000 000000000 0000 00000000000 00000000 0000 00000000000 
00000000 000 00000 00000000 00000 000000 0000 000000 0000 00000 000000000 000 00000 
000000 00000 0000000000 000 0000000000000 00000000 000000 00000000  
  00 00000 0000 0000000000 000000 0000 00000 0000 0000 00000 0000000 00000 0000 0 
000 00000 00000 00000000000 00000000 00000 00000000 0000 0000000000 000000000 000 00000 
00000 0000000000  0 
 
00000 00000000000 000000000 00000000000 00000 00000000 0000000 0000000000000 000000000 
0000000  0000  00000  00000  000000000  0000000  0000  0000000000  0000  00000000000  000 
00000000000 00000000 0000 00000 0000 00000000000 00000 0000000 000000 000000 000000
00000 0000 000000000 00000000 0000 00000 0000 0000000 000000 000 00000 0000000 000 0000 
00000 000000 0000 0000000000 0000 000000000000  
00000 0000000000000 000000 000 0000000000 0000 0000000000 00000 0000000000 0000 
00000  0000000  000000  00000000  000  00000000000  0000000  00000  0000  0000000000  0000 
0000000000  0000000000  000  0000000000  000000000000000  00000000  00000000  000000 
00000000 0000000 00000000 000000000 00000 000000000 0000 00 000 00000 0000000 00000000 
000 00000 000000 00000 0000000 000000 00000 0000000 00000 000 000000 000000 00000 000000  
000000 00000000000 000000 000 00000 000000 00000 0000000000 000000 000000 0000 
00000 0000 0000 000000000000 00 0000 0000000 00000000 000 00000 000000 00000 000000000000 
00000 00000000 00000 0000 0000 0000000 00000 000000 0000000 000 000 111111111111 00000 
00000000 00000000000 00000 0000 0000000 000000 000000000 0000 000000 000000 0000000 
00000 0000000 00000 000000 00000000 000000 00000 0000 00000 00000000 00000000000 
  00000000 00000000 00000 00000000 0000 00000000000 00000000 000000 0000000 
000000 000 0000 00000000 000000000000 000000 00000 0000 000000000000 00000000
0000000 00000 0000 0000 0000 0000000000000 000000000000000 0000 0000000000 00 000000 
00000000 000000 00000 000 000000 00000000 00000 0000000000000 0000000 000 000000 
0000000 00000 111111111111 0000 00000000 000000 0000000 000 000 00000 00000000000 
000000000000000 00000000 0000 000000 000000000 0000000000 0000000000 000000 00000000  
00000 
0000000  000000  000  000000  000000000  000000000000  000000  000  0000000  0000 
0000000000  00000000 000000000  00000  000000000  000  00000  0000000000000  00000000000 
000000000 000 00000000 00000000 000000 00000 00000000000 000000000 00000000000 
000 0000000000 0000000 00000000000000 0000000 0000 000 00000 0000 00000000 000000000 
00000000 000 0000000000 00000 000000 000000000 0000000 000 0000000 0000 0000000000 
000000 0000000000 0000000000000 000 0000000 0000000 00000000 
000  000000000000 0000000 00000 000000 000000000 000 000000 00000 
000  000000  000000  00000  000000000  00000  00000000  000  00000 
000000000 000000 00000 0000 00000 000000 00000000 0000000000 
0000  000000  000000000  0000000000  00000  0000000  0000  00000000000 
000000 00000 0000 0000000 0000 000000 00000000 000000000 0000 
0000000000 000000000 000000 0 0000000 0000 00000000 000 000000000 
00000 0000000000  0 
 
000  000  000000000  0000  000000  00000000  000000000  0000  000000 
00000000000 
00000  00000 000000 0000000000 000000 00000 000000000 0000000000 0000000 
00000 0000 0000000 0000 000000000 00 00000 0000 000 0000 000000000 
00000  00000000  000000000  000000  00000000  0000  0000  0000  00000 
0000000000 000000 000000000 000000 0000 00000000000000000 0000 
000000000 00 00000 0000000000000000000 00000000 000000000 00000 
0000000000 00000 0000000 00000 
0000  00000000000 000 00000000000 00000000 0000000000 0000 000000 
0000000000 000000 000000 00000 000000000000 0000000 000000000 
0000000 000000000 000000000 0000000000 000000000 00000 00000000 
00000 0000000000 000000 000000 0000000000 0000000 00000 0000 00000 
00000000 00000 0000000000000 000000000 000000 00000 00000 000000000 
00000 0000000 0000 0000 000 000000 000000 
000  0000000000  0000  000000  00000000  00000  000000000000  0000000 
0000000 0000000000 0000 000 0000 0 000000000 00000000 0000000000 
0000 00000000000 000000 00000000 0000000 000 00000000 00000000 
000000 0000000 000 00000000 
0000  0000000000 0000000 00000000 0000000000 00000 000000 0000000 00 
0000000000000 00000000 000000000 0000 0000000 00000 0000000 00000000 
0000 000000000 00000 0000 000000 
00000  000000 00000 000 0000000 0000 000000000 000000000 00 00000 0000 
000 000 0000000000000000000 00 00000 0000 00000000 000000000 0000000 
0000000 1111111110 000 
000000  00000000 00 00000 0000000 000 00000000 000000 000000000 00000000 
0000 00000000000 000000 000000000 000000000000 00000 000 00000 
 
00000000 00000 00000000 0000 000000000 00000 00000000 00000 00000 0000 000000 
00000 0000000000 00000 000000 0000 000000000 000000000 00000000 000000000 000 00000 
00000000 00000 00000 000000 00000000 000000 000000 000000000000 0000 0000000000 000000000 00 
00000 0000 000 0000 00000 00000 000000000000000 0000 000000000 00000 0000000 000 0000 
00000000000 00000 000000 0000 000000000 000 0000000 0000 000000 0000000 000000 
0000000000 0000000000 00000000000 000000 000000000 0000000 0000000000000 0000000 000000 
00000 0000 0000 0000000000 
00000 0000000000  0 
 
00000000 0000 000000000 00000 000 000 000000 000000 00000 0000 000000000 
00000000 00000000 000000000 0000 0000000000 000000000 00000 0000 0000 000 000000000000 
00000000 000 0000 0000000 0000 000000 00 000 00000 0000000 
 
111111 1111 111111111111 1111 11111 1111 1111111 
 
 
