 
0 0 0 0 0 0 0 0 0 
 
 
 
 
 
0000000000 0000 00 00000 0000 000000   
      00000  00000000000  00000000  000000  00  00000  0  111  1111 
1111111 1111111 11111111 1111111 1 1111 1                                                                         
 
000000  00  00000  0000  00000000  0000000  000000 
00000000 000000000 
0   0000000 0000000 00000 00000 000 000000000000000 0 111 
1111 11111 1111111 11111 1111111111 11111111 1 1111 11                                                                                      
 
0   0000000 0000000 0000 00 0000 000 00000 0 111 1111 111 
111 11111 1111111 1 1111 11  
                                                                           
 
