 
 
 
 
 
0 0 0 0 0 0 0 0 0 
 
 
 
 
 
000000000000000 00000 0000  
  000000000000000000000          00000000           00 
 
0000 000000000000 000000000  
  00 00000 0000 000000 
  0 0111111111 11 11111111 00000 00000000 00000 
    1 1111 1111 1111111111 1111 1111 1111111 111111                     00000000  00 0 000 
 
0000 00000000000000 
  0000 0000000000000 000000000 00000000000  
    000 0000000000000 0000                                                            00000000         000   
 
 
00000000000 00000 
00000000 0000000 00000 
00000000 00000000 
 
0000
