1111111 11111 1111111 
 
 
 
 
 
11111 111111 
11111111 111111 11111 
1111111 11111 
111111111 11111 
 
 
 
1111 11  1111  11 111 1111   
 
 
1 1 1 1 1 1 1 1 1 
 
 
111111111111111111111 1111 11111 11111  00000000     00 
 
11111  
  00000 000000000 000 000000 0000000000 00000000  
    000000000 000000000  00000000    000 
     
1111 11111111111111 
  0000 0000000000000 0000000000 000000000 0000  00000000    000 
 
  0000 0000000000000 00 00000000 000000000 000000000  
    000000000000 0000  00000000    000 
 
 
