1 1 1 1 1 1 1 1 1 
 
 
 
1111 11111111111111 
  0000 0000000000000 0000000000 00000000 000000 0000     
  11111111111111 
  11111111 
    000000 0000 000  00000000     00 
    000000 0000  00000000     00 
    000000 0000  00000000   000 
    000000 0000  00000000   000 
      000000 0000             00000000   000   
 
1111111111 
  00000000 00000000000 00000000000000 0000  00000000    00  
 11111111111100 
    000000 000    00000000     00 
   000000 0000  00000000     00 
   000000 0000  00000000   000 
   000000 0000  00000000   000 
   000000 0000  00000000   000 
   000000 0000  00000000 0000 
 
  00000 000000000 000 000000 0000000000 00000000 
     000000000 000000000            00000000   000 
 
00000000000 00000 
00000000 0000000 00000 
00000000 00000000 
0000 
 

