 
 
 
 
 
1 1 1 1 1 1 1 1 1 
 
 
 
 
111111111111111 1111111  
    1111 111111111111111111111                                                      00000000   00 
 
111111111111111 11111  
    1111 111111111111111111111                                                      00000000   00 
 
11111111 1111111 1111111 1111 111 1111111111 1111  
    11111 111111111 1111 111111 11 11111 1111 11 1 11111     00000000 000 
 
1111111110 
     00000 000000000 000 000000  
        0000000000 00000000 000000000 000000000  00000000  000 
    0000000 000000000000 00000 000000 000000000 00000 000000  00000000  000 
 
111111111 1111111 111111111     
    0000 00000000 00000000 0000  00000000  000 
    0000 000000 0000 0 00000000 0000 000000  00000000  000 
    0000 000000 0000 0 00000000 0000 000000  00000000  000 
    0000 00000 000000 000 000000000000 0000  00000000  000 
 
 
00000000000000000000000000000000000000000000000000000000000000000000000000000000000000000000000000000000 
00000000000 00000  
00000000 0000000 00000 
00000000 00000000 
0000 
 
