 
 
 
1 1 1 1 1 1 1 1 1 
 
 
 
111111111111111 11111 1111  
  111111111111111111111  00000000      00 
 
1111111111 
  00000 000000000 000 000000 0000000000  
    00000000 000000000 000000000  00000000    000 
 
  000000000 00000000 000000000 00000000000  00000000    000 
 
  000000000000 000000000 00 00000 000 00000  00000000  0000 
   
 
111111 111111111111 
  0 1111111 1111 1111    
    0 0000 0000 00000 000 000000 000000000  00000000  0000
 
00000000000 00000 
00000000 0000000 00000 
00000000 00000000 
0000 
