 
                1 1 1 1 1 1 1 1 1 
 
 
       
111111 11 11111 1111 111111111 1111111  
  111111 11111111 11111 1111 
 
0  11111111111  111111  111111111  111111 
11111111111111  1111111  11111111  111111 
1111 11111 1111 
0 00 00000 0000 000 00000000 000 000000 000000      00000000 00 
 
0  1111111 111 1111 111111 11111111 111111 
111111111 1111 11 11111111 11111 
0 00 0000 0000000000000000 000 000 00000 0000000       00000000 00 
000000000000000000000000000000000000000000000000000000000000 
00000000000 00000 
0000000 0000000 00000 
00000000 00000000 
0000 
