 
 
0 0 0 0 0 0 0 0 0 
 
 
 
0000000000 0000 00 00000 0000 000000 
  000000 00000 00 00000 000000 0 111 1111 11111 11111 11111 
11111 1111111 1111111 1 1111 1                                                                               
 
000000  00  00000  0000  00000000  0000000  000000 
00000000 000000000 
0    00000000 000000 000000 000 0 111 1111 11 1111 111 
1111111 1 1111 11     
                                       
0    0000000 000000 00000 00 00000 00000 00000 00000000 0 
111 1111 111 111 11111 1111111 1 1111 11 

