 
0 0 0 0 0 0 0 0 0 
 
 
       
000000 00 00000 0000 000000000 0000000  
  000000 00000000 00000 0000 
 
0  000000 000000000 0000000 000000 00000 000000 00000 
00000 000000000 000000 00 000000 0000000000 
111 1111 1111111111111111 111 111 11111 1111111                        00000000 00 
  
0  0000000  000000000  000000  00  00000  0000 
00000000000000000 00000 
111 1111 1111 1111 11111111                         00000000 00 
 
0  0000000000  00000  00  00000  0000  0000  0000 
0000000 
111 1111 1111 1111 11111111                                00000000 00 
    
0  00000000 00000000 00000 00000 00000 0000 00000 
000000000 00000 00 00000 000000 
         111 1111 1111111111111111 111 111 11111 1111111                             00000000 000 
       
   
 
 
 
 
  
 
 
 
000000000000000000000000000000000000000000000000000000000000 
00000000000 00000 
0000000 0000000 00000 
00000000 00000000 
0000 
