 
 
1 1 1 1 1 1 1 1 1 
 
 
 
 
 
11111 
  00000 000000000 000 000000  
      0000000000 00000000 000000000 000000000  00000000      00 
 
111111111 1111111 111111111 
   
  1111 111111111 11111111 1111  
      00000000  0000 00000000 00000000 000000000  
             00000000 00 00000000 0000 00000000000  00000000      00 
   
  1111 11111111 11111111 1111  
      0000000 00000000 00000000 00000000000 000000  
            0000000000 0000000000 00000000 00000000 0000 0000  00000000    000 
     
  1111 111111 1111  
      00000000000 00000000 0000 000000 00000 0000   00000000    000 
     
  1111 111111 1111  
      0000000000 00000000 0000 000000 00000 0000  00000000    000 
 
 
 
 
00000000000 00000 
00000000 0000000 00000 
00000000 00000000 
0000 
