 
 
 
 
 
1 1 1 1 1 1 1 1 1 
 
 
 
 
 
11111111111 1111 1111 1111111111 
  00000 0000 000000 0000000 0000 000000000 00000                               00000000       00
  00000000000000 000000000                                                                  00000000       00
  000000000 00000000 00000 000000                                                      00000000       00
   
 
111111 1111111  
000000000000 00000 000 00000  
0000000000 0000000 000 00000           00000000      00 
                                                 
111111111111111 11111  
    1111 111111111111111111111                                                   00000000      00
   
1111111111 
00000000000 00000 00 00000000                                                             00000000     000 
0000 0000000000 00000 00000  
  0000 000000 0000000 0000 000000000 00000 
    0  0000 0000 00000 000 000 000000 00000000                                      00000000     000 
 
00000000000000000000000000000000000000000000000000000000000000000000000000000000000000000000000000000000000000 
00000000000 00000  
0000000 0000000 00000 
00000000 00000000 
0000 
