1 1 1 1 1 1 1 1 1 
 
 
 
1111 111111111111 111111 1111 11111 111 111111 
  1111 1111111111111 11 11111 1111 11  00000000       00 
   
111111111111111 11111 1111 111111111111111111111   00000000       00 
     
1111 11111111111111  
  0000 0000000000000 0000000 00000 000 00000000000000  
    000000000 0000   00000000     000 
  
1111111111 
  0 00000 000000000 000 000000 0000000000 00000000  
    000000000 000000000  00000000     000 
  0 00000000000  000000000 00 00000 000000000  00000000     000  
 
111111 111111111111 
  0 0000000000 00000 00000 00000 
    0 00 00 0000 00000 0000 0000 000 000000  00000000     000  
00000000000 00000 
00000000 0000000 00000 
00000000 00000000 
0000 
