00000 0000000000  0 
 
00000000 
00000 0000 
00000000 0000000 00000  
0000000 0000000 
000000000 00000 
0000000 00 00000000 0000 
000000000 000000000 0000 00000 0000 000000 
000 
111111111 1111 111111111 11111 111 111 11111 
 111111111111111 1111111111 
 
 
 
000000 00 00000 0000 
000000000 0000000 000000 00000000 00000 000 
 
00000 00000 00000 
 
0000 0000 
0000 000000000 00000000000 00000 00000 0000000 000000 00000 0000 0000 000
0000000 000000 00000 0000 000000 000000000 000000 00000000 0000000 000000 0000000 
000000 0000 000000 00000000 000000 0000 00000000 00000 00000 000000 0000 0000 000
0000000 000 0000000000 00 00000 0000 000000000 000 0000 00000 000000 0000 00 000000000 
0000000000000 0000000000 00000 0000 0000000000 00 000000000 0000000 
0000  00  00000  00000  000000  111  111  00000  0000000000  000000  00000  00000 
00000000  00000000  00000000  00000  0000  000000  000000000000000  0000  00000  0000000 
000000 0000000000 00000 0000 0000000 00000 0000000000 0000 000000 0000 000000 00000 000 
0000  000000000  00000  0000000000  00000000  000000000  00000  0000  000000000000000 
0000000000000000000 000000 000000 00000 000000 0000 000000000 000000 000000000 0000000  
00000  0000000000000  0000  0000  00000  0000000  000000000  000000  0000000  00000 
0000000 000000 0000 0000000 0000 0000000000 000000 00000 00 000000000 000000000 0000 000000 
00 000000000 00000000000 00 000000 000000 00000000 0000000 0000 00000 000000000 00000 
0000000 000 000000000 00000 000000 0000000 000000 000000000000 0000 0000 000000 
00000000 0000 00000 0000 0000 00000000 000000000000000 0000 00000000000 00000 00000 
000 0000 000000 000000000000 00 000000 00000 00000 00000000 000000 
00000 0000000000  0 
 
0000 000000000000 0000 00000 00000 00000 011111111 1111111 111110 0000000000000 
000000 000000 00 000000000 000 000000 00000000 00000 000000000000 0000000 0000 111111 
00000 00 000000 00000 00000 00000000000 00000 011111 11110 00000 0000 00000 000000 0000 
0000 00000000 00 00000 0000 000000 000000000 0000 000000 000000 0000000 0000 00000 00000 
0000000000 000000 0000000000 00000000 000000000 0000 0000 0000 00 0000 0000 0000 00000 000000 
00000 00000 0000 0000 000000000000 000000 0000000 0000000 00000 000000 00000 000000 000000 
0000 0000 00000 000000 00 000000 00000 00000 0000 00000000 00000000000 00000 011111 110 
0000 0000 0000 000000 
0000  0000000000000  0000000  000000  00000000  0000  000000000  0000  00000 
0000000000000 000000 0000 00000 0000000000 0000000 000000 00000000000 000000 000000000 
0000000000 0000 00 00000 0000 0000000 00000000 00000000 00000 0000000000 00000 00000 00000 
0111111110 0000 000000000 00000000 000 00000 00000000000 0000000 00000000 000000 00000 
00000000 00000000 00000000000000 0111111 1111110 0000 000000000 00000 000 00000 000000 
00 00000 0000000 000000000000 000000 00000 000000000  
000000 0000 000000000 000 00000 00000000000 00 000000 00000 0000 0000000000 00000000 
00000 00000000 000 00000000000 00 000000 0000 0000000 00000000 000 0000000000 000000000 
00000000 000000 000000000 0000 0000000 0000 000000 0000000000 000000 00000000 0000 
00000000 0000000000000 00 00000000 0000 00000 00000000000 000000 011111111 1111111 1111100 
0000 0000 0000000000 00000000000 11111111 11 1 11111111111 11 1111111 111111 111 
111111111111  1111111  11  11111111 1111111  111110 00000000000000  111111111  1111111  11111 
1111111 1 1111111111 111111 11 111111 11 1111111111 111111111 11 11111 111111111 111 111111 
1111111111111 111 111 11111111 111111111111 111111111111 11 1111111 1111111 000000 00000 
000000 0000 000000 0000000 0000 11111111 00000000 0000000000 000000 00 0000000 
0000000 000 0000000 00000 00 00000000 0000000000 0000000 00000 0000000 00000 00000 00000 
0000 000000000 000000 00 00000000000 000000 00000 000000000 0000000 000000000 0000 
00000 00000 0000 0000 0000 0000 00000 00 00000 00000000000 00000000 00000 000000 
000000000000000  
0000 0000 0000 000000000000 0000 0000000 000000000000 0000 00000 00000000000 
000000  0000000  000  00000000000  00000000000  0000000  00000000  000  00000000000  
00000000000000  0000000000000  0000  00000  000  00000000  00000  0000000  00000  0000  0000 
00000000 000 000 000000000 0000000 0000000 00000000 0000000000 00000 00000000 00000 0000000 
000000 00000000 000000 00000000 00000000 000000 00000 00000000 00000 000000 000000000 0000 
000000000 00000 00000 00000 0000000000 000000000000 00000 000000000 0000000 000000 000000 
 
00000 0000000000  0 
 
00000  
00000000 0000000 000000 0000000 000000 000000 000 0000 000000 000000 00000 
0000 0000 0000000000 111111111111111 11111111111111 111111111110 0000 0000 0000000000 
000000 00000 0000 000000000 0000 000000 0000 0000 0000 00000 000 00000000000 0000000000 
00000 000000000 00000000 0000000 00 0000 0000000 00000 000000000000 00000000 000000 
000000000 0000000 0000000 0000 00000 0000 000000 00000 00000 00000 011111 1111111 111111 00 
000000  00000  000000000  0000000  000  0000000  00000  000000000  00  00000  0000  0000000 
000000000000 000 00000000000 000000 00000 0000000 00000 000000000 000000000000 000 000000000 
00000  00000000000  0000000  000  0000000  00000000  0000  00000000  00000  0000000000000 
000000 00000 00000000 00000 000000 000000 000000000  
00000000 0000 00000 0000000000 0000000000000000000 00000 00000000 000000 00000 
0000 00 00000 0000 00000 0000 0000 000000000 00000 000000000000 00000 00000 000000 
000000000 000000 000000000 0000000 0000000000 000000000 00000 000 000000000 000000 
000  0000000000 0000000000 000000 000000 0000000 0000000 00000 
0000  000000000000 0000000000 000000 00000 000000 0111111 1111111110 
0000000 0000 00000 000 0000000 
00000  000000000000 000000000000 00000 0000000 000000  
0000  00000 00000 0000 00000 0000000 011111111 1111111 11110 00000000000 
000000 0000000 000 
000  0000000 0000000 000000000 0000 00000 0000000 
     
    00000  0000000000  00000000000  11111111  1111111  11111  000  00000  0000000000000 
00000000 000000000 00000 0000000000 00000000 000000 000000000 000000 11111111 1111111 
11111111111  00  00000  0000  00000  00000  00000000  000  0000  0000000000000  000000000 
0000000000 00000000 0000000 0000000 000000 0000000000 00000 00000000 00000 000 000000 
000000000 0000000 00000000000 000000 000000000000 00000 0000000 000000000 00000000000 000 
00000 0000 0000 00000 000 000000 000000000 00000000 0000000000000 00000000 0000 000000000000 
0000 000000000 00000 00000 0000000 000 00000000 
    0000  000000000000  0000  0000000  000000000000  11111111  1111111  111111111111 
000000 00000000000 00000000 000000 000000 000000 00 00000 00000000000 000000 0000000 
00000  0000000 0000000 0000000 000000  0000 0000000 00000 000000000000 111111111 111111111 
000000 00 0000 000000000000 0000 00000 0000 000000 000000000 00000 000 000000000 00000 
00000000000 000000000000 00000 0000 00000 000000000 0000 1111111111111110 000000000 000 000000 
00000 0000000000  0 
 
0000 000000000 00000 00000000000 00000 00000 0000000000 000 000000000000 000000000000 
000000 00000 00 000000000 
    00000  0000  00000000  00000000  111111111  111111111  000000  000000  11111111  1111 
111111111111 0000 0000000 000000 000000 00000 0000 000000000 00000 0000000000 000000000000 
000000 0000000 00000000 000000 000000 000000 00000000 000000 000 0000000 000 0000000 000000 
000000000 0000000 00000 0000000 000000000000 0111111111 1111100 000000 00000 000000 
01111111111 1111 111100 1111111 1111 11111 0111111111111100 111111 1111 11111111 
1111 1111111 01111111 11111 1111 11110 000 0000000000 
    00000000  00  0000000000  00  00000000  00000000  0000000  00000000  00000000000 
000000000 00 00000 0000000000 000 00000000 00000 00000 00000 000000000000000000000 00000000 
0000  00000  000000000000  00000  00000000000  0000  0000000  00000000  0000  000000 
00000000000 000000 00000000000 
    00 0000000 0000 11111111 111111111 11 111111111111 111111 111 111111 0000000 000000 
000000 00 00000 00000000000 000000 0000000 000000000000 0000000 0000000 000 000000000 
000000000 00000000000 00000 00000 00000 0000 00000000000 00000000000000000 0000000 00000000 
0000000 000 0000000 000000 0000000 000 0000000 00 00000 0000000000 00000000000 00000 
0000 00 00000 00000 000000000 000000000 000000 000000 0000 0000000 0000000 0000000 
0000  0000000  0000000000  000  000  0000  00000  000000000  00000  000000  0000  0000  000000 
000000000 00000 00000000 000 0000000 0000000 00000 000000000000 000000 0000000000 00000 
00000000 00000 00000000 000000 00000 0000 0000 0000000000 
00000000 0000 000000000 00000 000 000 000000 000000 00000 0000 000000000 
00000000 00000000 000000000 0000 0000000000 000000000 00000 0000 0000 000 000000000000 
00000000 000 0000 0000000 0000 000000 0 00000000 00000  
 
111111 1111 111111111111 1111 11111 1111 1111111 
