00000000
00000 0000
00000000 000000 00000
0000000 000000
000000000 0000000
0000000 00 00000 0000
000000000 000000000 0000 00000 0000 000000
000
111111111 1111 111111111 111111 111 1111 111111 111 1111 1111111 11111
111111111111111 1111111111
000000 00 00000 0000
000000000 0000000 000000 00000000 00000 000
00000000 00000 00000000 0000 00000 00000 00000 000000
0000 0000
000 000 0000 0000 0000000000 000000 00000 0000 0000 0000000000 0000 0000 000
000000 000000 00000000 0000 00000 00000 0000 00000 0000000 0000 0000 0000
00000000000 000000 00000 000000 0000 000000000 00000000 00000000 0000 0000 000
000000 0000 00000 0000 000000000 00000000 0000000 00000000 000000 0000 00 00000
00000 00000 000000 0000 00000 00000000 00000 00000000 0000 00000 00000 00000
0000000
0000 0000 0000000000 0000000 0000000000 000000 0000000 000000 000000 0000
0000000 000000 000 000000 000000 000000000 00000000 00000 00000 00000 1111
1111111111111 11111111 0000 00 00000000 00000 0000000 00000 000 00000 00000 0000000000
000000 00000 000000000 00000 00000 0000000 000000 0000000000 00000 0000000 00000000000
000000 0000000 00000000000 00000 00000 00000000 0000000 00000 0000 00000000000
00000 000000 0000 000000000 0000000 00000 0000000 0000000000 000000 000000000
00000000000 00 00000 000 0000 00000000 0000 00000 00000 00000 0000000
0000000 0000 0000 0000 000000000000 000 00000 000000000 000000000 00000 0000000
0000 000 0000000 00000 000000 00000000 00000000 00000000000 0000 000000 000 00000000
0000000 000000 00000 00000 0000 000000000 00000 00000000 00000000 00000000 00000
0000000 111111111 111111111 1111111111 00000 0000000 00000 00000000 00 000000000 000000
0000000 0000 00 0000000 000000000000 0000000 0000 0000000
0000 0000 00000 00000 00000000000 00000 0000000 0000000000 00000000 000000 0000
0000000 0000 00000 000 0000000 00000 00000000 00 000000000 000000 00000 00000000000
000000 00000000000 0000000 00000 000000 00000 0000 0000 00000000 000000000000
00000000000 00000000 0000 0000000000 00000 00000 00000000 000000 0000000 000
00000 0000000 0000000 00000000 0000000 111111111 1111111 000000 000000 00000 000000000
00000 000000 0000000 0000000000 00000 0000 000 0000 000000000 00000 000000 0000 0000
0000000000 000000000 000000 0000000 0000000 00000000 00000 00000 000000 0000000 00000
000000000 0000 0000000 0000000 0000 0000000000 0000 00000 00000000 0000 0000000000
0000 0000000 0000000 00000000 00000 0000000000000000 00000 00000000 00000000000 00000
0000 00000 0000000 0000000 00000000 000 000000 000000 00000000 0000 00000 0000000 0000
000000000000 000 0000000 00000 00000000 00 000000000 00000000 0000000 000000 00000
00000000 0000 00000 00000 00000 0000000
000000 000 0000000 00000000000 0000000 00000 00000000000 0000 000000000000 1111
1111 000000 00000000 000000 01111 111111110 00000 0000000 0000000000 0000 00000 000000
0000000 000000000 000000000 00000000 00000000 00000000000 00000 00000 0000000 000000 00000
000 0000 00000000000 00000 00000 000000 1111111111111 000 0000 00000 00000 0000000 0000000
11111110 0000 0000 000000 0000 0000 00000 0000000000 000 000000 00000 0000000 00000000
0000000 0000 00000000000 00000 000000 0000000 00000000 00 00000 0000 00000 0000
0000000 000000 000000
0000 0000
00000000 0000000 00000 000 00000 000000 0000 00 00000000000 000000 00000 0000
0000 0000000000 00000000 000000 0000 0000000 000000 000000 00000 000000 0000 000000000
0000000 0000 000000000000 00000000 00000 000000000 00000 000000 000 000 00000000000 00000000
0000000 00000 000000 00000 0000000 00000 00000 00000000 000000000 0000 000000
0000 0000 0000000000 00000000 000000 0000 00000 00000000000 0000000 000000 00000000
00000000 000000 000 0000 00000 000000000 00000 0000 00 000 0000 0000 0000 000000
0000000000 0000 0000000 00000000 0000000000 0000000 000000000 00000 1111 1111111111111
11111111 0000 0000 00000000 00000
00000 00000000 0000 000000000 00000000 0000000 000000 00000 0000000000 00000000000
00000 000 00000 00000 000000 00000 000000000 00000 0000000 0000 000 00000 0000 00000000000
00000 00000 000000 0000 000000 0000000 0000 000 000 000000 00000 0000000000000 0000000000
0000000000000 0000 00000000000 00000000000 00000 00 00000000 000000000 000000 0000
0000 00000 11111111 000 111111111 0000 0000000000 00000000000 00000 00000000 00000 00000000
0000 000000 00000000 0000000000 0000000000 00000 000000 000000 00000000 000 000000000 00000 0000
000000000000000
0000 00000000000 00000 000000 00000000000 000000000 00000 00000 00000000000 00000
00000 000 0000 000 0000 00000000 00000 00000000000 0000 00000 00000 00000 0000000000 000000
00000 000000000 00000 000000 0000 00000000 00000000 000 000000000 0000000000000 0000000
000 000000 0000000 000000 0000000000 00 00000 0000000 00 0000 000 0000 0000000000 0000000
00000 00000 000000000 0000000000 00000 000000000000 000 00000 00000 0000 00000000000
0000000000 00000000 000000 000 00000 0000000 0000 000000000 0000 00000 00000 000000000 0000
00000000 00000 00000 0000000 00000000000 00000000 000 000000000 00000000 0000000 000000000
000 00000000000 00000000 0000000 000 00000000 0000 00000 000000000
000000000 00000000 0000 0000000 0000 00000000 11111111 1111111111 00000 000 0000
000000000000 000000000 000000000 0000 00000000000 000000000 000 000 0000 00000000000
00000 00000000000 000000000000 00000 0000 00000000 0000 00 00000 000000000000 00000000000
000000000000 00000 0000 00000 0000000000 0000 00000000 000000 000000000 0000000000 00000 00000
000000 00000000 0000000 00000 00000 00000000 00000000 000000 00000 00000000000 000000000
00000000 000000 00000 00000 00000 00000000 000 00000 000000000 000000 00000000 0000 00000
000000000
00000
00000 0000 0000 00000 000 0000000 0000000 00000000000 00000 00000 00000 000000000
000000000000000 00000 00000000 0000 00 0000 00000 00000 00000000000 000000000000 00000
000000000 000000000000
000 00000000000 000 0000000 0000 000 00000000000 000000000 000
00000000 00000000 000000 00000 00000000000000 00000000
00000000000 00000 0000 000000000 00000000000 000000000000 00000
000000 00000000000 000000 00000000000 000000 00 000000000 000 000
0000 0000 000000000 000000 00000000000 000000000000 00000 00 0000
000000000 000000000 00000000 000000 00000000000 00000 0000 000000000
00000000000 00000 0000000 00000 000000000 00 00000000 00000
0000 00000000000000 0000000000000 00000000000 00000 0000 000000000
00000000000 000000000000 00000 000000 00000000000
000 0000000 0000 00000000 00000 000000000000 00000 0000000000
00000000 00000 0000000 000000000000 000000 0000000 0000
00000000 000000 0000000000 000000 000000000000 00000
000000000000
000 000000000 00000000 11111111111 00000000 00000 000000000
00000 011111 111111111 11110 00 0000 00000 000000000 00000
0000000 000000000 00000000 000 0000000 0000000 00000000
00000 000000000000000 0000000 00000000000 000000 000
0000000000 0000000000 0000 00000000000 00000 0000
000000 0000000 00000000000 0000000 0000000000 0000000
0000000000 0000000 0000000000 0000000000 000000000 00000
01111 1111111100 00000 0000 0111111100 00000 00000 011111100
0000000000 01111111100 0000 0111100 000 01111100 111111110
0000000 00000 011111111 11111110 000 00000000 0000000 0000
0000 000000 00000000 00000 00000 000000000000 00000000
00000000000 00000 000000 00000 0000000000 000000 00000
0000000 000000 0000000 0000 0000000000 0000 1111111111111
1111111 11111111 1111111111 0000000
000 000000000 000000000000 00000 000000000 0000000
11111000000 000000000000
000 000000000 000000000 000000 00000000 000 000000000 0000
000000000 0000 00000000 00000 0000 00000000000 000
0000000000
000 000000000 00000 000000 0000 000000000 00000 00000
00000000000 0000 000000000 0000 00000000000 00000 0000
000000000 00000 000 000000000 0000 00000000 00000 00000000
0000 000000000000 0000000 000000000 0000 00000000000
00000 00000000 0000 0000000000 0000000 00000000000 00000 00000 00000000000 00000
0000000000 0000 0000 1111 1111 0000000 0000000000000000000 11111 00000 000000 0000000 0000
0000 0000000 0000 0000 0000000000 000 0000 00000000 000000 00000000000 00 00000
00000000000 000000000000 00000 00000 0000 00000000 00000 000000000 000 0000000
000000000000 0000000 0000 00000 00000000 00000000000 00 00000 00000000000 000000000000
00000 000000000 00000 0000000 00000000000 000 0000 000000000000 0000 00000000 00000000000
0000 00000000 0000 00000000 000 0000000 00 00000 00000000000 000000000000 000000 0000
0000 0000 00000000 0000 0000000000 0000000 000000000 00000 000000000000 0000 000 000000
00000000 0000000 00000000000 0000 0000000000 00000000 0000000000 00000000 0000000000 000
00000000000000000 000000000 0000 000000 00 0000000
000 0000 00000 00000 00000000 000000000000 00000 0000 00000 000 00000000 00 00000000
000000 00000 0000 00000000 00000 000000000 0000000 0000000000000 000000 0000000 000
0000000000000000 00000000 0000000000 0000000 000 00000 00000 00000 00 00000 00000000000
000000000000 000000 0000000 000000 000000
00000000 0000 000000000 000000 000 0000 000000 000 0000 0000000 000000 0000000 00000
0000 0000 0000000000 000000000 00000 0000 0000 000 000000000000 00000000 000 0000 0000000
0000 00000 00 00000 00000 000000 000000
111111 1111 111111111111 1111 11111 1111 1111111
