 
 
1 1 1 1 1 1 1 1 1 
 
 
 
1111111111 1111 111111 1111111 1111  
  1111111111  11111 111111111 11111111  
    11111 111111111111  00000000       00 
 
1111111 1111 1111 111111111    00000000       00 
 
1111 1111 111111111  
   1111111111 111111    00000000       00 
 
111111111 1111111111 111111    00000000       00  
 
1111111 111 11111 11111111  
   1111 111111111    00000000     000 
 
11111 
 
  00000000000 00000 00 00000000    00000000     000  
 
 
0000000000000000000000000000000000000000000000000000000000000000000000000 
00000000000 00000 
00000000 0000000 00000 
00000000 00000000 
0000 
