1111111 11111 1111111 
 
 
 
 
 
 
11111 111111 
11111111 111111 11111 
1111111 11111 
111111111 1111111 
 
 
 
1111 11  111111  11 111 1111   
 
 
 
 
1 1 1 1 1 1 1 1 1 
 
 
 
11111 111111111111111111111 1111111  00000000     00 
 
111111111111111111111 1111 11111 11111  00000000    000 
 
11111 
  00000 000000000 000 000000 0000000000 00000000  
    000000000 000000000  00000000    000 
 
1111 11111111111111 
  0000 0000000000000 0000000000 00000000 000000 0000  00000000    000 
  11111111111111 
  11111111 
    000000 000  00000000    000 
    000000 00000 0000 0 0000  00000000    000 
    000000 0000  00000000    000 
    000000 0000  00000000    0000 
    000000 0000  00000000    0000 
    000000 0000  00000000    0000 
    000000 0000  00000000    0000 
    000000 0000  00000000    0000 
 
11111 
  0000 00000000 00000000000 0000000 0000000 0000  00000000    000 
  11111111111111 
    000000 000  00000000    000 
    000000 0000  00000000    000 
    000000 0000  00000000    000 
    000000 0000  00000000    0000 
    000000 0000  00000000    0000 
000 000000000  00 
 
 
 
111111111 111111 
 
 
 
  0000 00000000 00000000000 0000000 0000000 0000  00000000    000 
  11111111111111 
 
    000000 0000  00000000    0000 
    000000 0000  00000000    0000 
    000000 0000  00000000    0000 
    000000 0000  00000000    0000 
    000000 0000  00000000    0000 
 
    000000 0000  00000000    0000 
    000000 0000  00000000    0000 
    000000 0000  00000000    0000 
    000000 0000  00000000    0000 
    000000 0000  00000000    0000 
    000000 0000  00000000    0000 
