25052016
mempengerusikan Mesyuarat]
111111111111111 1111111111
111111111111111 1111111111

24052016
mempengerusikan Mesyuarat]
111111111111111 1111111111
111111111111111 1111111111

19052016
mempengerusikan Mesyuarat]
111111111111111 1111111111
111111111111111 1111111111

26052016
mempengerusikan Mesyuarat]
111111111111111 1111111111
111111111111111 1111111111

29112017
Syarikat Purata
11111111 111111
00000000 000000

29112017
Penerbangan Tambang
11111111111 1111111
00000000000 0000000

29112017
Laluan Tahun
111111 11111
000000 00000

25102017
(i) Perkhidmatan Pendispensan Secara Temu janji
000 111111111111 111111111111 111111 1111 11111
000 000000000000 000000000000 000000 0000 00000

25102017
(ii) Perkhidmatan Ubat Melalui Pos 1Malaysia (UMP1M)
0000 111111111111 1111 1111111 111 111111111 1111111
0000 000000000000 0000 0000000 000 000000000 0000000

29102018
Timbalan Menteri Dalam Negeri, Dato’ Mohd Azis bin Jamman [Sepanggar]:
11111111 1111111 11111 1111111 11111 1111 1111 111 111111 111111111111
00000000 0000000 00000 0000000 00000 0000 0000 000 000000 000000000000

19032018
selepas tarikh
1111111 111111
0000000 000000

19032018
perolehan
111111111
000000000

19032018
Dalam tempoh
11111 111111
00000 000000

19032018
selepas tarikh
1111111 111111
0000000 000000

19032018
perolehan
111111111
000000000

19032018
Kadar cukai pendapatan syarikat
11111 11111 1111111111 11111111
00000 00000 0000000000 00000000

10102019
Mesyuarat terakhir pada 25 September 2019 telah bersetuju dengan pelantikan Juru
111111111 11111111 1111 11 111111111 1111 11111 111111111 111111 1111111111 1111
111111111 11111111 1111 11 111111111 1111 11111 111111111 111111 1111111111 1111

10102019
Perunding ... (NLY)
111111111 111 11111
111111111 111 11111

10102019
isu ini. (NLY)
111 1111 11111
111 1111 11111

01072019
Peruntukan Kerajaan Persekutuan yang Disalurkan Bagi Tahun 2019
1111111111 11111111 11111111111 1111 1111111111 1111 11111 1111
0000000000 00000000 00000000000 0000 0000000000 0000 00000 0000

01072019
Rancangan Jangka Panjang bagi Sungai Linggi
111111111 111111 1111111 1111 111111 111111
000000000 000000 0000000 0000 000000 000000

01072019
Isu Banjir Kilat Pada 4 Jun 2019
111 111111 11111 1111 1 111 1111
000 000000 00000 0000 0 000 0000

02042019
Keluarga Lim Chee Hong
11111111 111 1111 1111
00000000 000 0000 0000

09112020
(i) Balai Bomba dan Penyelamat Butterworth (2020)
000 11111 11111 111 1111111111 11111111111 111111
000 00000 00000 000 0000000000 00000000000 000000

09112020
(ii) Balai Bomba dan Penyelamat Kuala Muda (2018)
0000 11111 11111 111 1111111111 11111 1111 111111
0000 00000 00000 000 0000000000 00000 0000 000000

06082020
Senarai sekolah dan jumlah MBK yang menerima Elaun Murid Berkeperluan Khas
1111111 1111111 111 111111 111 1111 11111111 11111 11111 111111111111 1111
0000000 0000000 000 000000 000 0000 00000000 00000 00000 000000000000 0000

06082020
Senarai Sekolah dan Bilangan Penerima Rancangan Makanan Tambahan (RMT) Dalam Parlimen Bukit
1111111 1111111 111 11111111 11111111 111111111 1111111 11111111 11111 11111 11111111 11111
0000000 0000000 000 00000000 00000000 000000000 0000000 00000000 00000 00000 00000000 00000

06082020
Bendera
1111111
0000000

04102021
Pusat Komuniti
11111 11111111
00000 00000000

04102021
Bil Daerah DUN Parlimen
111 111111 111 11111111
000 000000 000 00000000

04102021
Pusat Komuniti
11111 11111111
00000 00000000

04102021
Bil Daerah DUN Parlimen
111 111111 111 11111111
000 000000 000 00000000

04102021
Julat Kuota Benih
11111 11111 11111
00000 00000 00000

04102021
Panel Pengeluar Syarikat Swasta
11111 111111111 11111111 111111
00000 000000000 00000000 000000

04102021
Julat Kuota Benih
11111 11111 11111
00000 00000 00000

04102021
Panel Pengeluar Syarikat GLC
11111 111111111 11111111 111
00000 000000000 00000000 000

12102021
mempengerusikan Mesyuarat]
111111111111111 1111111111
111111111111111 1111111111

07102021
mempengerusikan Mesyuarat]
111111111111111 1111111110
111111111111111 1111111111

01112021
Jumlah
111111
000000

15112021
Tarikh Mula Status
111111 1111 111111
000000 0000 000000

15112021
Tarikh Mula Status
111111 1111 111111
000000 0000 000000

15112021
Bil. Butiran Kerja Kos (RM)
1111 1111111 11111 111 1111
0000 0000000 00000 000 0000

15112021
& Siap Terkini
1 1111 1111111
0 0000 0000000

02082022
Bilangan Unit
11111111 1111
00000000 0000

07032022
Jumlah
111111
000000

13062023
Kes Gigitan
111 1111111
000 0000000

13062023
Aduan Anjing Kes Rabies
11111 111111 111 111111
00000 000000 000 000000

13032023
Kos Status
111 111111
000 000000

13032023
Tarikh Jangka
111111 111111
000000 000000

