 
 
 
 
 
 
 
 
 
 
 
1 1 1 1 1 1 1 1 1 
 
 
 
 
 
1111 1111111111111  
    111111 11 11111 111111111   00000000      00 
 
1111111111 
    00000 000000000 000 000000 0000000000  
        00000000 000000000 000000000  00000000      00   
    000000000000 000000000 00 00000 0000 00000  00000000  0000 
 
1111 11111111111111 
    0000 0000000000000 0000000 00000  
        000 000000000000 000000000 0000  00000000     00   
    0000 0000000000000 0000000000 000000000000 0000 0000  00000000     00   
    0000 0000000000000 0000000000 000000000000  
        0000000000000 000 0000000000 000000000 0000  00000000   000 
    0000 0000000000000 00000000 000000000  
        000 0000 00000 00000 000000000 0000  00000000   000 
    0000 0000000000000 0000000 00000000000  
        00000000 000000000 00000000 000000000 0000  00000000 0000     
 
1111111111111 111111111111 
    0 111111 111111 111111 11111111 11 111 11 111111 1111   
        0  000 0000 00 00000000000 00000 000000  00000000 0000 
    0 111111111 11111111111111  
        1111111111111 1111111 1111111 11111  
        0  000 0000 00000 00000 000000 000000  00000000 0000
00000000000 00000 
00000000 0000000 00000 
00000000 00000000 
0000 
