 
 
1 1 1 1 1 1 1 1 1 
 
 
 
 
 
 
 
1111 11111111111111 
  0000 0000000000000 0000000000 00000000 000000 0000     
  11111111111111 
  11111111 
    000000 0000  00000000       00 
    000000 0000  00000000     000 
    000000 0000  00000000     000 
    000000 0000  00000000     000 
    000000 0000  00000000     000 
    000000 0000  00000000     000 
 
  0000 0000000000000 000000 000000000 0000  00000000     000 
   
  0000 0000000000000 000000 00000000000 00000000  
  00000000 000 00000000 000000000 0000   00000000   0000 
 
 
1111111111 
  0000000 00000 000 000000000000 000000 0000 00000  
  000 000000 0000 0000000000000 00 00000 0000 00  00000000      00  
 
  00000 000000000 000 000000 0000000000  
  00000000 000000000 000000000   00000000     000 
 
  00000000 00000000000 00000000 00000 0000    00000000     000 
    11111111111100 
     000000 0000  00000000       00 
    000000 0000  00000000     000 
    000000 0000  00000000     000 
    000000 0000  00000000     000 
 
111111111 1111111 111111111 
0000 00000000 00000000 0000 000000000 0000  00000000   0000 
0000 000000 0000  00000000   0000 
 
 
 
00000000000 00000 
00000000 0000000 00000 
00000000 00000000 
0000 

