
27032023
3.20 ptg., 1520, 1330
3.20 ptg., 1520, 1330
3.20 ptg., 1520, 1330
3.20 ptg., 1520, 1330
3.20 ptg., 1520, 1330
‚Ė†1330, 1330, 1340
‚Ė†1330, 1330, 1340
‚Ė†1330, 1330, 1340
‚Ė†1330, 1330, 1340
‚Ė†1330, 1330, 1340
‚Ė†1340, 1340, 1345
‚Ė†1340, 1340, 1350
‚Ė†1340, 1340, 1350
‚Ė†1340, 1340, 1352
‚Ė†1340, 1340, 1352
1.45 tgh., 1345, 1357
‚Ė†1350, 1350, 1357
‚Ė†1350, 1350, 1357
1.52 tgh., 1352, 1400
1.52 tgh., 1352, 1400
1.57 ptg., 1357, 1403
1.57 ptg., 1357, 1403
1.57 ptg., 1357, 1403
‚Ė†1400, 1400, 1403
‚Ė†1400, 1400, 1403
2.03 ptg., 1403, 1409
2.03 ptg., 1403, 1410
2.03 ptg., 1403, 1410
2.03 ptg., 1403, 1414
2.03 ptg., 1403, 1414
2.09 ptg., 1409, 1419
‚Ė†1410, 1410, 1420
‚Ė†1410, 1410, 1420
2.14 ptg., 1414, 1423
2.14 ptg., 1414, 1423
2.19 ptg., 1419, 1423
‚Ė†1420, 1420, 1423
‚Ė†1420, 1420, 1423
2.23 ptg., 1423, 1430
2.23 ptg., 1423, 1430
2.23 ptg., 1423, 1430
2.23 ptg., 1423, 1430
2.23 ptg., 1423, 1430
2.30 ptg., 1430, 1439
2.30 ptg., 1430, 1440
2.30 ptg., 1430, 1440
2.30 ptg., 1430, 1444
2.30 ptg., 1430, 1444
2.39 ptg., 1439, 1444
‚Ė†1440, 1440, 1444
‚Ė†1440, 1440, 1444
2.44 ptg., 1444, 1448
2.44 ptg., 1444, 1450
2.44 ptg., 1444, 1450
2.44 ptg., 1444, 1450
2.44 ptg., 1444, 1454
2.48 ptg., 1448, 1454
‚Ė†1450, 1450, 1454
‚Ė†1450, 1450, 1454
‚Ė†1450, 1450, 1454
2.54 ptg., 1454, 1458
2.54 ptg., 1454, 1500
2.54 ptg., 1454, 1500
2.54 ptg., 1454, 1500
2.54 ptg., 1454, 1500
2.58 ptg., 1458, 1500
‚Ė†1500, 1500, 1503
‚Ė†1500, 1500, 1503
‚Ė†1500, 1500, 1508
‚Ė†1500, 1500, 1510
‚Ė†1500, 1500, 1510
3.03 ptg., 1503, 1516
3.03 ptg., 1503, 1520
3.08 ptg., 1508, 1520
‚Ė†1510, 1510, 1520
‚Ė†1510, 1510, 1520
3.16 ptg., 1516, 1520

06032023
12.51 tgh., 1251, 1240
‚Ė†1240, 1240, 1250
‚Ė†1250, 1250, 1251
‚Ė†1520, 1520, 1519
‚Ė†1520, 1520, 1519
3.19 ptg., 1519, 1520
3.19 ptg., 1519, 1520
4.19 ptg., 1619, 1618
‚Ė†1620, 1620, 1619
‚Ė†1630, 1630, 1620
4.37ptg., 1637, 1630
‚Ė†1640, 1640, 1637
4.48 ptg., 1648, 1640
‚Ė†1650, 1650, 1648
4.58 ptg., 1658, 1650
‚Ė†1700, 1700, 1658
5.10 ptg., 1710, 1700
‚Ė†1720, 1720, 1710
5.31 ptg., 1731, 1720
5.33 ptg., 1733, 1731
‚Ė†1740, 1740, 1733
5.45 ptg., 1745, 1740
‚Ė†1750, 1750, 1745
5.56 ptg., 1756, 1750
‚Ė†1800, 1800, 1756
6.07 ptg., 1807, 1800
‚Ė†1810, 1810, 1807
4.18 ptg., 1618, 1810

25052023
‚Ė†1650, 1650, 1649
4.55 ptg., 1655, 1650
4.49 ptg., 1649, 1655

14032023
12.06 tgh., 1206, 1202
12.06 tgh., 1206, 1202
12.10 tgh., 1210, 1206
12.10 tgh., 1210, 1206
12.16 tgh., 1216, 1210
‚Ė†1220, 1220, 1210
‚Ė†1220, 1220, 1216
12.02 tgh., 1202, 1220
12.02 tgh., 1202, 1220

15022023
4.25 ptg., 1625, 1600
4.25 ptg., 1625, 1600
4.25 ptg., 1625, 1600
4.25 ptg., 1625, 1600
4.25 ptg., 1625, 1600
4.25 ptg., 1625, 1600
4.25 ptg., 1625, 1600
4.25 ptg., 1625, 1600
4.25 ptg., 1625, 1600
4.25 ptg., 1625, 1600
4.25 ptg., 1625, 1600
4.25 ptg., 1625, 1600
4.25 ptg., 1625, 1600
4.25 ptg., 1625, 1600
4.25 ptg., 1625, 1600
4.25 ptg., 1625, 1600
4.25 ptg., 1625, 1600
4.25 ptg., 1625, 1600
4.25 ptg., 1625, 1600
4.25 ptg., 1625, 1600
4.25 ptg., 1625, 1600
4.25 ptg., 1625, 1600
4.25 ptg., 1625, 1600
4.25 ptg., 1625, 1610
4.25 ptg., 1625, 1610
4.25 ptg., 1625, 1610
4.25 ptg., 1625, 1610
4.25 ptg., 1625, 1610
4.25 ptg., 1625, 1610
4.25 ptg., 1625, 1610
4.25 ptg., 1625, 1610
4.25 ptg., 1625, 1610
‚Ė†1600, 1600, 1610
‚Ė†1600, 1600, 1620
‚Ė†1600, 1600, 1620
‚Ė†1600, 1600, 1620
‚Ė†1600, 1600, 1620
‚Ė†1600, 1600, 1620
‚Ė†1600, 1600, 1620
‚Ė†1600, 1600, 1620
‚Ė†1600, 1600, 1620
‚Ė†1600, 1600, 1620
‚Ė†1600, 1600, 1620
‚Ė†1600, 1600, 1620
‚Ė†1600, 1600, 1620
‚Ė†1600, 1600, 1620
‚Ė†1600, 1600, 1620
‚Ė†1600, 1600, 1620
‚Ė†1600, 1600, 1620
‚Ė†1600, 1600, 1620
‚Ė†1600, 1600, 1620
‚Ė†1600, 1600, 1620
‚Ė†1600, 1600, 1620
‚Ė†1600, 1600, 1620
‚Ė†1600, 1600, 1620
‚Ė†1610, 1610, 1620
‚Ė†1610, 1610, 1620
‚Ė†1610, 1610, 1620
4.10 ptg., 1610, 1620
4.10 ptg., 1610, 1625
4.10 ptg., 1610, 1625
4.10 ptg., 1610, 1625
4.10 ptg., 1610, 1625
4.10 ptg., 1610, 1625
4.10 ptg., 1610, 1625
‚Ė†1620, 1620, 1625
‚Ė†1620, 1620, 1625
‚Ė†1620, 1620, 1625
‚Ė†1620, 1620, 1625
‚Ė†1620, 1620, 1625
‚Ė†1620, 1620, 1625
‚Ė†1620, 1620, 1625
‚Ė†1620, 1620, 1625
‚Ė†1620, 1620, 1625
‚Ė†1620, 1620, 1625
‚Ė†1620, 1620, 1625
‚Ė†1620, 1620, 1625
‚Ė†1620, 1620, 1625
‚Ė†1620, 1620, 1625
‚Ė†1620, 1620, 1625
‚Ė†1620, 1620, 1625
‚Ė†1620, 1620, 1625
‚Ė†1620, 1620, 1625
‚Ė†1620, 1620, 1625
‚Ė†1620, 1620, 1625
‚Ė†1620, 1620, 1625
‚Ė†1620, 1620, 1625
‚Ė†1620, 1620, 1625
‚Ė†1620, 1620, 1625
‚Ė†1620, 1620, 1625
‚Ė†1620, 1620, 1625

13032023
12.36 tgh., 1236, 1234
12.36 tgh., 1236, 1234
12.36 tgh., 1236, 1234
‚Ė†1240, 1240, 1234
‚Ė†1240, 1240, 1234
‚Ė†1240, 1240, 1234
‚Ė†1240, 1240, 1236
‚Ė†1240, 1240, 1236
‚Ė†1240, 1240, 1236
12.44 tgh., 1244, 1240
12.44 tgh., 1244, 1240
12.46 tgh., 1246, 1240
12.46 tgh., 1246, 1240
12.46 tgh., 1246, 1240
12.46 tgh., 1246, 1240
12.46 tgh., 1246, 1244
‚Ė†1250, 1250, 1244
‚Ė†1250, 1250, 1246
‚Ė†1250, 1250, 1246
‚Ė†1250, 1250, 1246
‚Ė†1250, 1250, 1246
‚Ė†1250, 1250, 1246
12.34 tgh., 1234, 1250
12.34 tgh., 1234, 1250
12.34 tgh., 1234, 1250
12.34 tgh., 1234, 1250
12.34 tgh., 1234, 1250
12.34 tgh., 1234, 1250
5.30 ptg., 1730, 1536
5.30 ptg., 1730, 1540
3.36 ptg., 1536, 1540
‚Ė†1540, 1540, 1541
‚Ė†1540, 1540, 1541
3.41 ptg., 1541, 1547
3.41 ptg., 1541, 1547
3.47 ptg., 1547, 1550
3.47 ptg., 1547, 1550
‚Ė†1550, 1550, 1553
‚Ė†1550, 1550, 1553
3.53 ptg., 1553, 1558
3.53 ptg., 1553, 1600
3.58 ptg., 1558, 1600
‚Ė†1600, 1600, 1603
‚Ė†1600, 1600, 1603
4.03 ptg., 1603, 1609
4.03 ptg., 1603, 1610
4.09 ptg., 1609, 1610
‚Ė†1610, 1610, 1616
‚Ė†1610, 1610, 1616
4.16 ptg., 1616, 1620
4.16 ptg., 1616, 1620
4.20 ptg., 1620, 1626
4.20 ptg., 1620, 1626
4.26 ptg., 1626, 1630
4.26 ptg., 1626, 1630
‚Ė†1630, 1630, 1633
‚Ė†1630, 1630, 1633
4.33 ptg., 1633, 1639
4.33 ptg., 1633, 1640
4.39 ptg., 1639, 1640
‚Ė†1640, 1640, 1644
‚Ė†1640, 1640, 1644
4.44 ptg., 1644, 1647
4.44 ptg., 1644, 1647
4.47 ptg., 1647, 1650
4.47 ptg., 1647, 1650
‚Ė†1650, 1650, 1651
‚Ė†1650, 1650, 1651
4.51 ptg., 1651, 1700
4.51 ptg., 1651, 1700
‚Ė†1700, 1700, 1710
‚Ė†1700, 1700, 1710
‚Ė†1710, 1710, 1717
‚Ė†1710, 1710, 1717
5.17 ptg., 1717, 1720
5.17 ptg., 1717, 1720
‚Ė†1720, 1720, 1730
‚Ė†1720, 1720, 1730

07032023
7.22 mlm., 1922, 1920
7.22 mlm., 1922, 1920
7.22 mlm., 1922, 1920
7.22 mlm., 1922, 1920
7.22 mlm., 1922, 1920
‚Ė†1920, 1920, 1922
‚Ė†1920, 1920, 1922
‚Ė†1920, 1920, 1922
‚Ė†1920, 1920, 1922
‚Ė†1920, 1920, 1922
‚Ė†1930, 1930, 1924
‚Ė†1930, 1930, 1924
‚Ė†1930, 1930, 1924
‚Ė†1930, 1930, 1924
‚Ė†1930, 1930, 1924
7.24 mlm., 1924, 1930
7.24 mlm., 1924, 1930
7.24 mlm., 1924, 1930
7.24 mlm., 1924, 1930
7.24 mlm., 1924, 1930

03042023
12.29 tgh., 1229, 1228
‚Ė†1230, 1230, 1228
‚Ė†1230, 1230, 1228
‚Ė†1230, 1230, 1229
12.28 tgh., 1228, 1230
12.28 tgh., 1228, 1230
12.28 tgh., 1228, 1230
5.10 ptg., 1710, 1709
‚Ė†1720, 1720, 1710
5.09 ptg., 1709, 1720

20032023
‚Ė†1130, 1130, 1050
‚Ė†1130, 1130, 1050
‚Ė†1130, 1130, 1050
‚Ė†1130, 1130, 1050
‚Ė†1130, 1130, 1050
‚Ė†1130, 1130, 1050
‚Ė†1130, 1130, 1050
‚Ė†1130, 1130, 1050
‚Ė†1130, 1130, 1050
‚Ė†1130, 1130, 1050
‚Ė†1130, 1130, 1050
‚Ė†1130, 1130, 1050
‚Ė†1130, 1130, 1100
‚Ė†1130, 1130, 1100
‚Ė†1130, 1130, 1100
‚Ė†1130, 1130, 1100
‚Ė†1130, 1130, 1100
‚Ė†1130, 1130, 1100
‚Ė†1130, 1130, 1100
‚Ė†1130, 1130, 1100
‚Ė†1130, 1130, 1100
‚Ė†1130, 1130, 1100
‚Ė†1130, 1130, 1100
‚Ė†1130, 1130, 1100
‚Ė†1130, 1130, 1100
‚Ė†1130, 1130, 1100
‚Ė†1050, 1050, 1100
‚Ė†1050, 1050, 1100
‚Ė†1050, 1050, 1100
‚Ė†1050, 1050, 1100
‚Ė†1050, 1050, 1110
‚Ė†1050, 1050, 1110
‚Ė†1050, 1050, 1110
‚Ė†1050, 1050, 1110
‚Ė†1050, 1050, 1110
‚Ė†1050, 1050, 1110
‚Ė†1050, 1050, 1110
‚Ė†1050, 1050, 1110
‚Ė†1100, 1100, 1110
‚Ė†1100, 1100, 1110
‚Ė†1100, 1100, 1110
‚Ė†1100, 1100, 1110
‚Ė†1100, 1100, 1110
‚Ė†1100, 1100, 1110
‚Ė†1100, 1100, 1110
‚Ė†1100, 1100, 1110
‚Ė†1100, 1100, 1110
‚Ė†1100, 1100, 1110
‚Ė†1100, 1100, 1110
‚Ė†1100, 1100, 1110
‚Ė†1100, 1100, 1110
‚Ė†1100, 1100, 1110
‚Ė†1100, 1100, 1110
‚Ė†1100, 1100, 1110
‚Ė†1100, 1100, 1110
‚Ė†1100, 1100, 1110
‚Ė†1110, 1110, 1120
‚Ė†1110, 1110, 1120
‚Ė†1110, 1110, 1120
‚Ė†1110, 1110, 1120
‚Ė†1110, 1110, 1120
‚Ė†1110, 1110, 1120
‚Ė†1110, 1110, 1120
‚Ė†1110, 1110, 1120
‚Ė†1110, 1110, 1120
‚Ė†1110, 1110, 1120
‚Ė†1110, 1110, 1120
‚Ė†1110, 1110, 1120
‚Ė†1110, 1110, 1120
‚Ė†1110, 1110, 1120
‚Ė†1110, 1110, 1120
‚Ė†1110, 1110, 1120
‚Ė†1110, 1110, 1130
‚Ė†1110, 1110, 1130
‚Ė†1110, 1110, 1130
‚Ė†1110, 1110, 1130
‚Ė†1110, 1110, 1130
‚Ė†1110, 1110, 1130
‚Ė†1110, 1110, 1130
‚Ė†1110, 1110, 1130
‚Ė†1110, 1110, 1130
‚Ė†1110, 1110, 1130
‚Ė†1120, 1120, 1130
‚Ė†1120, 1120, 1130
‚Ė†1120, 1120, 1130
‚Ė†1120, 1120, 1130
‚Ė†1120, 1120, 1130
‚Ė†1120, 1120, 1130
‚Ė†1120, 1120, 1130
‚Ė†1120, 1120, 1130
‚Ė†1120, 1120, 1130
‚Ė†1120, 1120, 1130
‚Ė†1120, 1120, 1130
‚Ė†1120, 1120, 1130
‚Ė†1120, 1120, 1130
‚Ė†1120, 1120, 1130
‚Ė†1120, 1120, 1130
‚Ė†1120, 1120, 1130
12.34 tgh., 1234, 1230
12.34 tgh., 1234, 1230
12.34 tgh., 1234, 1230
12.34 tgh., 1234, 1230
‚Ė†1230, 1230, 1234
‚Ė†1230, 1230, 1234
12:30 tgh., 1230, 1234
12:30 tgh., 1230, 1234

09032023
1.52 tgh., 1352, 1203
1.52 tgh., 1352, 1203
1.52 tgh., 1352, 1203
1.52 tgh., 1352, 1203
1.52 tgh., 1352, 1203
1.52 tgh., 1352, 1210
1.52 tgh., 1352, 1210
12.03 tgh., 1203, 1210
12.03 tgh., 1203, 1210
12.03 tgh., 1203, 1210
12.03 tgh., 1203, 1210
12.03 tgh., 1203, 1210
‚Ė†1210, 1210, 1220
‚Ė†1210, 1210, 1220
‚Ė†1210, 1210, 1220
‚Ė†1210, 1210, 1220
‚Ė†1210, 1210, 1220
‚Ė†1210, 1210, 1220
‚Ė†1210, 1210, 1220
‚Ė†1220, 1220, 1230
‚Ė†1220, 1220, 1230
‚Ė†1220, 1220, 1230
‚Ė†1220, 1220, 1230
‚Ė†1220, 1220, 1230
‚Ė†1220, 1220, 1230
‚Ė†1220, 1220, 1230
‚Ė†1230, 1230, 1240
‚Ė†1230, 1230, 1240
‚Ė†1230, 1230, 1240
‚Ė†1230, 1230, 1240
‚Ė†1230, 1230, 1240
‚Ė†1230, 1230, 1240
‚Ė†1230, 1230, 1240
‚Ė†1240, 1240, 1250
‚Ė†1240, 1240, 1250
‚Ė†1240, 1240, 1250
‚Ė†1240, 1240, 1250
‚Ė†1240, 1240, 1250
‚Ė†1240, 1240, 1250
‚Ė†1240, 1240, 1250
‚Ė†1250, 1250, 1255
‚Ė†1250, 1250, 1255
‚Ė†1250, 1250, 1255
‚Ė†1250, 1250, 1255
‚Ė†1250, 1250, 1255
‚Ė†1250, 1250, 1300
‚Ė†1250, 1250, 1300
12:55 tgh, 1255, 1300
12:55 tgh, 1255, 1300
12:55 tgh, 1255, 1300
12:55 tgh, 1255, 1300
12:55 tgh, 1255, 1300
‚Ė†1300, 1300, 1310
‚Ė†1300, 1300, 1310
‚Ė†1300, 1300, 1310
‚Ė†1300, 1300, 1310
‚Ė†1300, 1300, 1310
‚Ė†1300, 1300, 1310
‚Ė†1300, 1300, 1310
‚Ė†1310, 1310, 1320
‚Ė†1310, 1310, 1320
‚Ė†1310, 1310, 1320
‚Ė†1310, 1310, 1320
‚Ė†1310, 1310, 1320
‚Ė†1310, 1310, 1320
‚Ė†1310, 1310, 1320
‚Ė†1320, 1320, 1330
‚Ė†1320, 1320, 1330
‚Ė†1320, 1320, 1330
‚Ė†1320, 1320, 1330
‚Ė†1320, 1320, 1330
‚Ė†1320, 1320, 1330
‚Ė†1320, 1320, 1330
‚Ė†1330, 1330, 1340
‚Ė†1330, 1330, 1340
‚Ė†1330, 1330, 1340
‚Ė†1330, 1330, 1340
‚Ė†1330, 1330, 1340
‚Ė†1330, 1330, 1340
‚Ė†1330, 1330, 1340
1.40 tgh., 1340, 1350
1.40 tgh., 1340, 1350
1.40 tgh., 1340, 1350
1.40 tgh., 1340, 1350
1.40 tgh., 1340, 1350
1.40 tgh., 1340, 1350
1.40 tgh., 1340, 1350
‚Ė†1350, 1350, 1352
‚Ė†1350, 1350, 1352
‚Ė†1350, 1350, 1352
‚Ė†1350, 1350, 1352
‚Ė†1350, 1350, 1352
‚Ė†1350, 1350, 1352
‚Ė†1350, 1350, 1352
7.14 mlm., 1914, 1910
7.14 mlm., 1914, 1910
7.14 mlm., 1914, 1910
7.14 mlm., 1914, 1910
7.14 mlm., 1914, 1910
7.14 mlm., 1914, 1910
7.14 mlm., 1914, 1910
7.14 mlm., 1914, 1910
7.14 mlm., 1914, 1910
7.14 mlm., 1914, 1910
7.14 mlm., 1914, 1910
7.14 mlm., 1914, 1910
7.14 mlm., 1914, 1910
‚Ė†1910, 1910, 1914
‚Ė†1910, 1910, 1914
‚Ė†1910, 1910, 1914
‚Ė†1910, 1910, 1914
‚Ė†1910, 1910, 1914
‚Ė†1910, 1910, 1914
‚Ė†1910, 1910, 1914
‚Ė†1910, 1910, 1914
‚Ė†1910, 1910, 1914
‚Ė†1910, 1910, 1914
‚Ė†1910, 1910, 1914
‚Ė†1910, 1910, 1914
‚Ė†1910, 1910, 1914

23022023
5.45 ptg., 1745, 1710
5.45 ptg., 1745, 1710
5.45 ptg., 1745, 1710
‚Ė†1710, 1710, 1720
‚Ė†1710, 1710, 1720
‚Ė†1710, 1710, 1720
‚Ė†1720, 1720, 1730
‚Ė†1720, 1720, 1730
‚Ė†1720, 1720, 1730
‚Ė†1730, 1730, 1740
‚Ė†1730, 1730, 1740
‚Ė†1730, 1730, 1740
5.40 ptg., 1740, 1745
5.40 ptg., 1740, 1745
5.40 ptg., 1740, 1745

15062023
‚Ė†1510, 1510, 1508
‚Ė†1510, 1510, 1508
3.11 ptg., 1511, 1508
3.11 ptg., 1511, 1510
3.11 ptg., 1511, 1510
3.08 ptg., 1508, 1511
3.08 ptg., 1508, 1511
3.08 ptg., 1508, 1511

28032023
2.55 ptg., 1455, 1450
‚Ė†1450, 1450, 1452
2.52 ptg., 1452, 1455
3.37 ptg., 1537, 1530
‚Ė†1530, 1530, 1532
3.32 ptg., 1532, 1537

23032023
4.44 ptg., 1644, 1450
4.44 ptg., 1644, 1450
4.49 ptg., 1649, 1455
‚Ė†1450, 1450, 1500
‚Ė†1450, 1450, 1500
2.55 ptg., 1455, 1501
‚Ė†1500, 1500, 1501
‚Ė†1500, 1500, 1506
3.01 ptg., 1501, 1510
3.01 ptg., 1501, 1510
3.06 ptg., 1506, 1510
‚Ė†1510, 1510, 1512
‚Ė†1510, 1510, 1512
‚Ė†1510, 1510, 1518
3.12 ptg., 1512, 1520
3.12 ptg., 1512, 1520
3.18 ptg., 1518, 1522
‚Ė†1520, 1520, 1522
‚Ė†1520, 1520, 1528
3.22 ptg., 1522, 1530
3.22 ptg., 1522, 1530
3.28 ptg., 1528, 1534
‚Ė†1530, 1530, 1540
‚Ė†1530, 1530, 1541
3.34 ptg., 1534, 1541
‚Ė†1540, 1540, 1541
3.41 ptg., 1541, 1547
3.41 ptg., 1541, 1550
3.41 ptg., 1541, 1550
3.47 ptg., 1547, 1550
3.50 ptg., 1550, 1557
3.50 ptg., 1550, 1600
3.50 ptg., 1550, 1600
3.57 ptg., 1557, 1600
‚Ė†1600, 1600, 1603
‚Ė†1600, 1600, 1603
‚Ė†1600, 1600, 1609
4.03 ptg., 1603, 1610
4.03 ptg., 1603, 1610
4.09 ptg., 1609, 1610
‚Ė†1610, 1610, 1616
‚Ė†1610, 1610, 1620
‚Ė†1610, 1610, 1620
4.16 ptg., 1616, 1621
‚Ė†1620, 1620, 1621
‚Ė†1620, 1620, 1625
4.21 ptg., 1621, 1630
4.21 ptg., 1621, 1630
4.25 ptg., 1625, 1631
‚Ė†1630, 1630, 1631
‚Ė†1630, 1630, 1637
4.31 ptg., 1631, 1637
4.31 ptg., 1631, 1637
4.37 ptg., 1637, 1640
4.37 ptg., 1637, 1640
4.37 ptg., 1637, 1642
‚Ė†1640, 1640, 1642
‚Ė†1640, 1640, 1642
4.42 ptg., 1642, 1644
4.42 ptg., 1642, 1644
4.42 ptg., 1642, 1648
4.48 ptg., 1648, 1649

02032023
‚Ė†1520, 1520, 1515
3.26 ptg., 1526, 1520
‚Ė†1530, 1530, 1526
3.59 ptg, 1559, 1530
3.59 ptg, 1559, 1540
3.59 ptg, 1559, 1540
3.59 ptg, 1559, 1540
3.59 ptg, 1559, 1540
‚Ė†1540, 1540, 1550
‚Ė†1540, 1540, 1550
‚Ė†1540, 1540, 1550
‚Ė†1540, 1540, 1550
‚Ė†1550, 1550, 1554
‚Ė†1550, 1550, 1559
‚Ė†1550, 1550, 1559
‚Ė†1550, 1550, 1559
3.54 ptg., 1554, 1559
‚Ė†1600, 1600, 1559
4.09 ptg., 1609, 1600
‚Ė†1610, 1610, 1609
‚Ė†1620, 1620, 1610
4.24 ptg., 1624, 1620
‚Ė†1630, 1630, 1624
4.36 ptg., 1636, 1630
‚Ė†1640, 1640, 1636
4.49 ptg., 1649, 1640
‚Ė†1650, 1650, 1649
‚Ė†1700, 1700, 1650
5.03 ptg., 1703, 1700
‚Ė†1710, 1710, 1703
3.15 ptg., 1515, 1710

16032023
4.22 ptg., 1622, 1620
4.22 ptg., 1622, 1620
4.28 ptg., 1628, 1622
‚Ė†1630, 1630, 1622
‚Ė†1630, 1630, 1628
4.33 ptg., 1633, 1630
4.33 ptg., 1633, 1630
4.38 ptg., 1638, 1633
‚Ė†1640, 1640, 1633
‚Ė†1640, 1640, 1638
4.43 ptg., 1643, 1640
4.43 ptg., 1643, 1640
4.48 ptg., 1648, 1643
‚Ė†1650, 1650, 1643
‚Ė†1650, 1650, 1648
4.57 ptg., 1657, 1650
‚Ė†1700, 1700, 1650
‚Ė†1700, 1700, 1657
5.05 ptg., 1705, 1700
5.05 ptg., 1705, 1700
5.09 ptg., 1709, 1705
‚Ė†1710, 1710, 1705
‚Ė†1710, 1710, 1709
5.16 ptg., 1716, 1710
5.16 ptg., 1716, 1710
‚Ė†1720, 1720, 1716
‚Ė†1720, 1720, 1716
5.21 ptg., 1721, 1720
5.21 ptg., 1721, 1720
5.27 ptg., 1727, 1721
‚Ė†1730, 1730, 1721
‚Ė†1730, 1730, 1727
5.34 ptg., 1734, 1730
5.34 ptg., 1734, 1730
‚Ė†1740, 1740, 1734
‚Ė†1740, 1740, 1734
‚Ė†1750, 1750, 1740
‚Ė†1750, 1750, 1740
‚Ė†1800, 1800, 1750
‚Ė†1800, 1800, 1750
6.04 ptg., 1804, 1800
‚Ė†1810, 1810, 1800
‚Ė†1810, 1810, 1804
6.11 ptg., 1811, 1810
6.11 ptg., 1811, 1810
6.15 ptg., 1815, 1811
‚Ė†1620, 1620, 1811
‚Ė†1620, 1620, 1815

28022023
5.36 ptg., 1736, 1730
5.36 ptg., 1736, 1730
5.36 ptg., 1736, 1730
5.36 ptg., 1736, 1730
5.36 ptg., 1736, 1730
‚Ė†1730, 1730, 1736
‚Ė†1730, 1730, 1736
‚Ė†1730, 1730, 1736
‚Ė†1730, 1730, 1736
‚Ė†1730, 1730, 1736

08032023
‚Ė†1340, 1340, 1334
‚Ė†1350, 1350, 1340
1.34 tgh., 1334, 1350
4.12 ptg., 1612, 1520
4.12 ptg., 1612, 1520
4.12 ptg., 1612, 1520
4.12 ptg., 1612, 1520
4.12 ptg., 1612, 1520
4.12 ptg., 1612, 1520
4.12 ptg., 1612, 1520
4.12 ptg., 1612, 1520
4.12 ptg., 1612, 1520
4.12 ptg., 1612, 1520
4.12 ptg., 1612, 1520
4.12 ptg., 1612, 1520
4.12 ptg., 1612, 1520
4.12 ptg., 1612, 1520
4.12 ptg., 1612, 1520
4.12 ptg., 1612, 1520
4.12 ptg., 1612, 1520
4.12 ptg., 1612, 1520
4.12 ptg., 1612, 1520
4.12 ptg., 1612, 1520
4.12 ptg., 1612, 1520
4.12 ptg., 1612, 1520
4.12 ptg., 1612, 1520
4.12 ptg., 1612, 1520
4.12 ptg., 1612, 1520
4.12 ptg., 1612, 1520
4.12 ptg., 1612, 1520
4.12 ptg., 1612, 1520
4.12 ptg., 1612, 1520
4.12 ptg., 1612, 1520
4.12 ptg., 1612, 1520
4.12 ptg., 1612, 1520
4.12 ptg., 1612, 1520
4.12 ptg., 1612, 1520
4.12 ptg., 1612, 1520
4.12 ptg., 1612, 1520
4.12 ptg., 1612, 1520
4.12 ptg., 1612, 1520
4.12 ptg., 1612, 1520
4.12 ptg., 1612, 1520
4.12 ptg., 1612, 1520
4.12 ptg., 1612, 1520
4.12 ptg., 1612, 1520
4.12 ptg., 1612, 1520
4.12 ptg., 1612, 1520
4.12 ptg., 1612, 1530
4.12 ptg., 1612, 1530
4.12 ptg., 1612, 1530
4.12 ptg., 1612, 1530
4.12 ptg., 1612, 1530
4.12 ptg., 1612, 1530
4.12 ptg., 1612, 1530
4.12 ptg., 1612, 1530
4.12 ptg., 1612, 1530
4.12 ptg., 1612, 1530
4.12 ptg., 1612, 1530
4.12 ptg., 1612, 1530
4.12 ptg., 1612, 1530
4.12 ptg., 1612, 1530
4.12 ptg., 1612, 1530
4.12 ptg., 1612, 1530
4.12 ptg., 1612, 1530
4.12 ptg., 1612, 1530
4.12 ptg., 1612, 1530
4.12 ptg., 1612, 1530
4.12 ptg., 1612, 1530
4.12 ptg., 1612, 1530
4.12 ptg., 1612, 1530
4.12 ptg., 1612, 1530
4.12 ptg., 1612, 1530
4.12 ptg., 1612, 1530
‚Ė†1520, 1520, 1530
‚Ė†1520, 1520, 1530
‚Ė†1520, 1520, 1530
‚Ė†1520, 1520, 1530
‚Ė†1520, 1520, 1530
‚Ė†1520, 1520, 1530
‚Ė†1520, 1520, 1530
‚Ė†1520, 1520, 1530
‚Ė†1520, 1520, 1530
‚Ė†1520, 1520, 1530
‚Ė†1520, 1520, 1530
‚Ė†1520, 1520, 1530
‚Ė†1520, 1520, 1530
‚Ė†1520, 1520, 1530
‚Ė†1520, 1520, 1530
‚Ė†1520, 1520, 1530
‚Ė†1520, 1520, 1530
‚Ė†1520, 1520, 1530
‚Ė†1520, 1520, 1530
‚Ė†1520, 1520, 1530
‚Ė†1520, 1520, 1530
‚Ė†1520, 1520, 1530
‚Ė†1520, 1520, 1530
‚Ė†1520, 1520, 1530
‚Ė†1520, 1520, 1530
‚Ė†1520, 1520, 1530
‚Ė†1520, 1520, 1530
‚Ė†1520, 1520, 1530
‚Ė†1520, 1520, 1530
‚Ė†1520, 1520, 1530
‚Ė†1520, 1520, 1530
‚Ė†1520, 1520, 1530
‚Ė†1520, 1520, 1530
‚Ė†1520, 1520, 1530
‚Ė†1520, 1520, 1530
‚Ė†1520, 1520, 1530
‚Ė†1520, 1520, 1530
‚Ė†1520, 1520, 1530
‚Ė†1520, 1520, 1530
‚Ė†1520, 1520, 1530
‚Ė†1520, 1520, 1530
‚Ė†1520, 1520, 1530
‚Ė†1520, 1520, 1530
‚Ė†1520, 1520, 1530
‚Ė†1520, 1520, 1530
‚Ė†1530, 1530, 1540
‚Ė†1530, 1530, 1540
‚Ė†1530, 1530, 1540
‚Ė†1530, 1530, 1540
‚Ė†1530, 1530, 1540
‚Ė†1530, 1530, 1540
‚Ė†1530, 1530, 1540
‚Ė†1530, 1530, 1540
‚Ė†1530, 1530, 1540
‚Ė†1530, 1530, 1540
‚Ė†1530, 1530, 1540
‚Ė†1530, 1530, 1540
‚Ė†1530, 1530, 1540
‚Ė†1530, 1530, 1540
‚Ė†1530, 1530, 1540
‚Ė†1530, 1530, 1540
‚Ė†1530, 1530, 1540
‚Ė†1530, 1530, 1540
‚Ė†1530, 1530, 1540
‚Ė†1530, 1530, 1540
‚Ė†1530, 1530, 1540
‚Ė†1530, 1530, 1540
‚Ė†1530, 1530, 1540
‚Ė†1530, 1530, 1540
‚Ė†1530, 1530, 1540
‚Ė†1530, 1530, 1540
‚Ė†1530, 1530, 1540
‚Ė†1530, 1530, 1540
‚Ė†1530, 1530, 1540
‚Ė†1530, 1530, 1540
‚Ė†1530, 1530, 1540
‚Ė†1530, 1530, 1540
‚Ė†1530, 1530, 1540
‚Ė†1530, 1530, 1540
‚Ė†1530, 1530, 1540
‚Ė†1530, 1530, 1540
‚Ė†1530, 1530, 1540
‚Ė†1530, 1530, 1540
‚Ė†1530, 1530, 1540
‚Ė†1530, 1530, 1540
‚Ė†1530, 1530, 1540
‚Ė†1530, 1530, 1540
‚Ė†1530, 1530, 1540
‚Ė†1530, 1530, 1540
‚Ė†1530, 1530, 1540
‚Ė†1530, 1530, 1540
‚Ė†1530, 1530, 1540
‚Ė†1530, 1530, 1540
‚Ė†1530, 1530, 1540
‚Ė†1530, 1530, 1540
‚Ė†1530, 1530, 1540
‚Ė†1530, 1530, 1540
‚Ė†1530, 1530, 1540
‚Ė†1530, 1530, 1540
‚Ė†1530, 1530, 1540
‚Ė†1530, 1530, 1540
‚Ė†1530, 1530, 1540
‚Ė†1530, 1530, 1540
‚Ė†1530, 1530, 1540
‚Ė†1530, 1530, 1540
‚Ė†1530, 1530, 1540
‚Ė†1530, 1530, 1540
‚Ė†1530, 1530, 1540
‚Ė†1530, 1530, 1540
‚Ė†1530, 1530, 1540
‚Ė†1530, 1530, 1540
‚Ė†1530, 1530, 1540
‚Ė†1530, 1530, 1540
‚Ė†1530, 1530, 1540
‚Ė†1530, 1530, 1540
‚Ė†1530, 1530, 1540
‚Ė†1540, 1540, 1550
‚Ė†1540, 1540, 1550
‚Ė†1540, 1540, 1550
‚Ė†1540, 1540, 1550
‚Ė†1540, 1540, 1550
‚Ė†1540, 1540, 1550
‚Ė†1540, 1540, 1550
‚Ė†1540, 1540, 1550
‚Ė†1540, 1540, 1550
‚Ė†1540, 1540, 1550
‚Ė†1540, 1540, 1550
‚Ė†1540, 1540, 1550
‚Ė†1540, 1540, 1550
‚Ė†1540, 1540, 1550
‚Ė†1540, 1540, 1550
‚Ė†1540, 1540, 1550
‚Ė†1540, 1540, 1550
‚Ė†1540, 1540, 1550
‚Ė†1540, 1540, 1550
‚Ė†1540, 1540, 1550
‚Ė†1540, 1540, 1550
‚Ė†1540, 1540, 1550
‚Ė†1540, 1540, 1550
‚Ė†1540, 1540, 1550
‚Ė†1540, 1540, 1550
‚Ė†1540, 1540, 1550
‚Ė†1540, 1540, 1550
‚Ė†1540, 1540, 1550
‚Ė†1540, 1540, 1550
‚Ė†1540, 1540, 1550
‚Ė†1540, 1540, 1550
‚Ė†1540, 1540, 1550
‚Ė†1540, 1540, 1550
‚Ė†1540, 1540, 1550
‚Ė†1540, 1540, 1550
‚Ė†1540, 1540, 1550
‚Ė†1540, 1540, 1550
‚Ė†1540, 1540, 1550
‚Ė†1540, 1540, 1550
‚Ė†1540, 1540, 1550
‚Ė†1540, 1540, 1550
‚Ė†1540, 1540, 1550
‚Ė†1540, 1540, 1550
‚Ė†1540, 1540, 1550
‚Ė†1540, 1540, 1550
‚Ė†1540, 1540, 1550
‚Ė†1540, 1540, 1550
‚Ė†1540, 1540, 1550
‚Ė†1540, 1540, 1550
‚Ė†1540, 1540, 1550
‚Ė†1540, 1540, 1550
‚Ė†1540, 1540, 1550
‚Ė†1540, 1540, 1550
‚Ė†1540, 1540, 1550
‚Ė†1540, 1540, 1550
‚Ė†1540, 1540, 1550
‚Ė†1540, 1540, 1550
‚Ė†1540, 1540, 1550
‚Ė†1540, 1540, 1550
‚Ė†1540, 1540, 1550
‚Ė†1540, 1540, 1550
‚Ė†1540, 1540, 1550
‚Ė†1540, 1540, 1550
‚Ė†1540, 1540, 1550
‚Ė†1540, 1540, 1550
‚Ė†1540, 1540, 1550
‚Ė†1540, 1540, 1550
‚Ė†1540, 1540, 1550
‚Ė†1540, 1540, 1550
‚Ė†1540, 1540, 1550
‚Ė†1540, 1540, 1550
‚Ė†1550, 1550, 1554
‚Ė†1550, 1550, 1554
‚Ė†1550, 1550, 1554
‚Ė†1550, 1550, 1600
‚Ė†1550, 1550, 1600
‚Ė†1550, 1550, 1600
‚Ė†1550, 1550, 1600
‚Ė†1550, 1550, 1600
‚Ė†1550, 1550, 1600
‚Ė†1550, 1550, 1600
‚Ė†1550, 1550, 1600
‚Ė†1550, 1550, 1600
‚Ė†1550, 1550, 1600
‚Ė†1550, 1550, 1600
‚Ė†1550, 1550, 1600
‚Ė†1550, 1550, 1600
‚Ė†1550, 1550, 1600
‚Ė†1550, 1550, 1600
‚Ė†1550, 1550, 1600
‚Ė†1550, 1550, 1600
‚Ė†1550, 1550, 1600
‚Ė†1550, 1550, 1610
‚Ė†1550, 1550, 1610
‚Ė†1550, 1550, 1610
‚Ė†1550, 1550, 1610
‚Ė†1550, 1550, 1610
‚Ė†1550, 1550, 1610
‚Ė†1550, 1550, 1610
‚Ė†1550, 1550, 1610
‚Ė†1550, 1550, 1610
‚Ė†1550, 1550, 1610
‚Ė†1550, 1550, 1610
‚Ė†1550, 1550, 1610
‚Ė†1550, 1550, 1610
‚Ė†1550, 1550, 1610
‚Ė†1550, 1550, 1610
‚Ė†1550, 1550, 1612
‚Ė†1550, 1550, 1612
‚Ė†1550, 1550, 1612
‚Ė†1550, 1550, 1612
‚Ė†1550, 1550, 1612
‚Ė†1550, 1550, 1612
‚Ė†1550, 1550, 1612
‚Ė†1550, 1550, 1612
‚Ė†1550, 1550, 1612
‚Ė†1550, 1550, 1612
‚Ė†1550, 1550, 1612
‚Ė†1550, 1550, 1612
‚Ė†1550, 1550, 1612
‚Ė†1550, 1550, 1612
‚Ė†1550, 1550, 1612
‚Ė†1550, 1550, 1612
‚Ė†1550, 1550, 1612
‚Ė†1550, 1550, 1612
‚Ė†1550, 1550, 1612
‚Ė†1550, 1550, 1612
‚Ė†1550, 1550, 1612
‚Ė†1550, 1550, 1612
‚Ė†1550, 1550, 1612
‚Ė†1550, 1550, 1612
‚Ė†1550, 1550, 1612
‚Ė†1550, 1550, 1612
‚Ė†1550, 1550, 1612
‚Ė†1550, 1550, 1612
‚Ė†1550, 1550, 1612
‚Ė†1550, 1550, 1612
‚Ė†1550, 1550, 1612
‚Ė†1550, 1550, 1612
‚Ė†1550, 1550, 1612
‚Ė†1550, 1550, 1612
‚Ė†1550, 1550, 1612
3:54 ptg., 1554, 1612
3:54 ptg., 1554, 1612
3:54 ptg., 1554, 1612
‚Ė†1600, 1600, 1612
‚Ė†1600, 1600, 1612
‚Ė†1600, 1600, 1612
‚Ė†1600, 1600, 1612
‚Ė†1600, 1600, 1612
‚Ė†1600, 1600, 1612
‚Ė†1600, 1600, 1612
‚Ė†1600, 1600, 1612
‚Ė†1600, 1600, 1612
‚Ė†1600, 1600, 1612
‚Ė†1600, 1600, 1612
‚Ė†1600, 1600, 1612
‚Ė†1600, 1600, 1612
‚Ė†1600, 1600, 1612
‚Ė†1600, 1600, 1612
‚Ė†1600, 1600, 1612
‚Ė†1600, 1600, 1612
‚Ė†1600, 1600, 1612
‚Ė†1610, 1610, 1612
‚Ė†1610, 1610, 1612
‚Ė†1610, 1610, 1612
‚Ė†1610, 1610, 1612
‚Ė†1610, 1610, 1612
‚Ė†1610, 1610, 1612
‚Ė†1610, 1610, 1612
‚Ė†1610, 1610, 1612
‚Ė†1610, 1610, 1612
‚Ė†1610, 1610, 1612
‚Ė†1610, 1610, 1612
‚Ė†1610, 1610, 1612
‚Ė†1610, 1610, 1612
‚Ė†1610, 1610, 1612
‚Ė†1610, 1610, 1612

29032023
‚Ė†1210, 1210, 1203
‚Ė†1210, 1210, 1203
‚Ė†1210, 1210, 1203
12.11 tgh., 1211, 1210
12.11 tgh., 1211, 1210
12.11 tgh., 1211, 1210
12.03 tgh., 1203, 1211
12.03 tgh., 1203, 1211
12.03 tgh., 1203, 1211
1.34 ptg., 1334, 1320
‚Ė†1330, 1330, 1320
1.30 tgh., 1330, 1320
1.30 tgh., 1330, 1320
1.34 tgh., 1334, 1320
‚Ė†1340, 1340, 1320
‚Ė†1340, 1340, 1320
‚Ė†1340, 1340, 1320
‚Ė†1340, 1340, 1320
‚Ė†1340, 1340, 1320
‚Ė†1340, 1340, 1330
‚Ė†1340, 1340, 1330
‚Ė†1340, 1340, 1330
‚Ė†1350, 1350, 1334
‚Ė†1350, 1350, 1334
‚Ė†1350, 1350, 1340
‚Ė†1350, 1350, 1340
‚Ė†1350, 1350, 1340
‚Ė†1350, 1350, 1340
‚Ė†1350, 1350, 1340
‚Ė†1350, 1350, 1340
‚Ė†1350, 1350, 1340
‚Ė†1350, 1350, 1340
2.01 ptg., 1401, 1350
2.01 ptg., 1401, 1350
2.01 ptg., 1401, 1350
‚Ė†1410, 1410, 1350
‚Ė†1410, 1410, 1350
‚Ė†1410, 1410, 1350
‚Ė†1410, 1410, 1350
2.15 ptg., 1415, 1350
‚Ė†1420, 1420, 1350
‚Ė†1420, 1420, 1350
‚Ė†1420, 1420, 1401
‚Ė†1420, 1420, 1401
‚Ė†1420, 1420, 1401
‚Ė†1420, 1420, 1410
‚Ė†1420, 1420, 1410
2.21 ptg., 1421, 1410
2.21 ptg., 1421, 1410
2.21 ptg., 1421, 1415
2.21 ptg., 1421, 1420
2.21 ptg., 1421, 1420
2.21 ptg., 1421, 1420
2.21 ptg., 1421, 1420
2.21 ptg., 1421, 1420
2.21 ptg., 1421, 1420
2.21 ptg., 1421, 1420
2.28 ptg., 1428, 1421
‚Ė†1430, 1430, 1421
‚Ė†1430, 1430, 1421
‚Ė†1430, 1430, 1421
‚Ė†1430, 1430, 1421
2.33 ptg., 1433, 1421
2.33 ptg., 1433, 1421
2.33 ptg., 1433, 1421
‚Ė†1440, 1440, 1421
‚Ė†1440, 1440, 1421
2.40 ptg., 1440, 1428
2.40 ptg., 1440, 1430
2.40 ptg., 1440, 1430
2.47 ptg., 1447, 1430
‚Ė†1450, 1450, 1430
‚Ė†1450, 1450, 1433
2.51 ptg., 1451, 1433
2.51 ptg., 1451, 1433
2.56 ptg., 1456, 1440
‚Ė†1500, 1500, 1440
3.01 ptg., 1501, 1440
3.01 ptg., 1501, 1440
3.01 ptg., 1501, 1440
3.01 ptg., 1501, 1447
3.01 ptg., 1501, 1450
3.01 ptg., 1501, 1450
‚Ė†1510, 1510, 1451
‚Ė†1510, 1510, 1451
‚Ė†1510, 1510, 1456
‚Ė†1510, 1510, 1500
‚Ė†1510, 1510, 1501
‚Ė†1510, 1510, 1501
‚Ė†1510, 1510, 1501
‚Ė†1510, 1510, 1501
‚Ė†1510, 1510, 1501
‚Ė†1510, 1510, 1501
3.16ptg., 1516, 1510
‚Ė†1320, 1320, 1510
‚Ė†1320, 1320, 1510
‚Ė†1320, 1320, 1510
‚Ė†1320, 1320, 1510
‚Ė†1320, 1320, 1510
‚Ė†1320, 1320, 1510
‚Ė†1320, 1320, 1510
‚Ė†1320, 1320, 1510
‚Ė†1320, 1320, 1510
‚Ė†1320, 1320, 1516
5.47 ptg., 1747, 1650
‚Ė†1650, 1650, 1652
4.52 ptg., 1652, 1658
4.58 ptg., 1658, 1700
‚Ė†1700, 1700, 1703
5.03 ptg., 1703, 1708
5.08 ptg., 1708, 1710
‚Ė†1710, 1710, 1715
5.15 ptg., 1715, 1720
‚Ė†1720, 1720, 1721
5.21 ptg., 1721, 1724
5.24 ptg., 1724, 1728
5.28 ptg., 1728, 1730
‚Ė†1730, 1730, 1740
‚Ė†1740, 1740, 1747

06062023
‚Ė†1450, 1450, 1447
2.47 ptg., 1447, 1450
4.59 ptg., 1659, 1600
‚Ė†1600, 1600, 1609
4.09 ptg., 1609, 1610
‚Ė†1610, 1610, 1619
4.19 ptg., 1619, 1620
‚Ė† 1620, 1620, 1630
‚Ė†1630, 1630, 1635
4.35 ptg., 1635, 1640
‚Ė†1640, 1640, 1644
4.44 ptg., 1644, 1650
‚Ė†1650, 1650, 1657
4.57 ptg., 1657, 1659

22032023
3.47 ptg., 1547, 1530
‚Ė†1530, 1530, 1533
3.33 ptg., 1533, 1539
3.39 ptg., 1539, 1540
‚Ė†1540, 1540, 1543
3.43 ptg., 1543, 1547

19122022
‚Ė†1100, 1100, 1050
‚Ė†1110, 1110, 1100
‚Ė†1120, 1120, 1110
‚Ė†1130, 1130, 1120
‚Ė†1140, 1140, 1130
‚Ė†1150, 1150, 1140
‚Ė†1200, 1200, 1150
‚Ė†1210, 1210, 1200
‚Ė†1050, 1050, 1210

21032022
11.37 tgh., 2337, 1139
11.37 tgh., 2337, 1139
11.37 tgh., 2337, 1139
11.37 tgh., 2337, 1139
11.37 tgh., 2337, 1139
11.37 tgh., 2337, 1140
11.39 pg., 1139, 1140
11.39 pg., 1139, 1140
11.39 pg., 1139, 1140
11.39 pg., 1139, 1140
11.39 pg., 1139, 1140
11.40 pg., 1140, 1150
11.40 pg., 1140, 1200
11.40 pg., 1140, 1200
11.40 pg., 1140, 1200
11.40 pg., 1140, 1200
11.40 pg., 1140, 1205
‚Ė†1150, 1150, 1205
‚Ė†1200, 1200, 1205
‚Ė†1200, 1200, 1205
‚Ė†1200, 1200, 1205
‚Ė†1200, 1200, 1205
12.05 tgh., 1205, 1210
12.05 tgh., 1205, 1210
12.05 tgh., 1205, 1210
12.05 tgh., 1205, 1210
12.05 tgh., 1205, 1210
12.05 tgh., 1205, 1210
‚Ė†1210, 1210, 1220
‚Ė†1210, 1210, 1220
‚Ė†1210, 1210, 1220
12.10 tgh., 1210, 1220
12.10 tgh., 1210, 1220
12.10 tgh., 1210, 1221
‚Ė†1220, 1220, 1221
‚Ė†1220, 1220, 1221
‚Ė†1220, 1220, 1221
‚Ė†1220, 1220, 1221
‚Ė†1220, 1220, 1221
12.21 tgh., 1221, 1229
12.21 tgh., 1221, 1230
12.21 tgh., 1221, 1230
12.21 tgh., 1221, 1230
12.21 tgh., 1221, 1230
12.21 tgh., 1221, 1230
12.29 tgh., 1229, 1230
‚Ė†1230, 1230, 1236
‚Ė†1230, 1230, 1236
‚Ė†1230, 1230, 1236
‚Ė†1230, 1230, 1236
‚Ė†1230, 1230, 1236
‚Ė†1230, 1230, 1240
12.36 tgh., 1236, 1240
12.36 tgh., 1236, 1242
12.36 tgh., 1236, 1250
12.36 tgh., 1236, 1250
12.36 tgh., 1236, 1250
‚Ė†1240, 1240, 1250
‚Ė†1240, 1240, 1250
12.42 tgh., 1242, 1250
‚Ė†1250, 1250, 1258
‚Ė†1250, 1250, 1258
12.50 tgh., 1250, 1258
12.50 tgh., 1250, 1258
12.50 tgh., 1250, 1306
12.50 tgh., 1250, 1430
12.58 tgh., 1258, 1430
12.58 tgh., 1258, 1430
12.58 tgh., 1258, 1432
12.58 tgh., 1258, 1432
1.06 tengah hari, 1306, 1438
2.30 petang, 1430, 1440
2.30 petang, 1430, 1440
2.30 petang, 1430, 1440
2.32 ptg., 1432, 1440
2.32 ptg., 1432, 1440
2.38 ptg., 1438, 1440
‚Ė†1440, 1440, 1449
‚Ė†1440, 1440, 1449
‚Ė†1440, 1440, 1449
‚Ė†1440, 1440, 1450
‚Ė†1440, 1440, 1450
‚Ė†1440, 1440, 1450
2.49 ptg., 1449, 1450
2.49 ptg., 1449, 1456
2.49 ptg., 1449, 1500
‚Ė†1450, 1450, 1500
‚Ė†1450, 1450, 1507
‚Ė†1450, 1450, 1507
‚Ė†1450, 1450, 1507
2.56 ptg., 1456, 1510
‚Ė†1500, 1500, 1510
‚Ė†1500, 1500, 1514
3.07 ptg., 1507, 1514
3.07 ptg., 1507, 1514
3.07 ptg., 1507, 1514
‚Ė†1510, 1510, 1514
‚Ė†1510, 1510, 1514
3.14 ptg., 1514, 1520
3.14 ptg., 1514, 1520
3.14 ptg., 1514, 1520
3.14 ptg., 1514, 1520
3.14 ptg., 1514, 1520
3.14 ptg., 1514, 1520
‚Ė†1520, 1520, 1523
‚Ė†1520, 1520, 1523
‚Ė†1520, 1520, 1523
‚Ė†1520, 1520, 1523
‚Ė†1520, 1520, 1523
‚Ė†1520, 1520, 1523
3.23 ptg., 1523, 1530
3.23 ptg., 1523, 1530
3.23 ptg., 1523, 1530
3.23 ptg., 1523, 1531
3.23 ptg., 1523, 1531
3.23 ptg., 1523, 1537
‚Ė†1530, 1530, 1540
‚Ė†1530, 1530, 1540
‚Ė†1530, 1530, 1540
3.31 ptg., 1531, 1540
3.31 ptg., 1531, 1540
3.37 ptg., 1537, 1540
‚Ė†1540, 1540, 1544
‚Ė†1540, 1540, 1550
‚Ė†1540, 1540, 1550
‚Ė†1540, 1540, 1552
‚Ė†1540, 1540, 1552
‚Ė†1540, 1540, 1552
3.44 ptg., 1544, 1552
‚Ė†1550, 1550, 1552
‚Ė†1550, 1550, 1552
3.52 ptg., 1552, 1600
3.52 ptg., 1552, 1600
3.52 ptg., 1552, 1600
3.52 ptg., 1552, 1600
3.52 ptg., 1552, 1600
3.52 ptg., 1552, 1600
‚Ė†1610, 1610, 1600
‚Ė†1620, 1620, 1610
‚Ė†1630, 1630, 1620
4.31 ptg., 1631, 1630
4.00 ptg., 1600, 1631
4.00 ptg., 1600, 1642
4.00 ptg., 1600, 1642
4.00 ptg., 1600, 1644
4.00 ptg., 1600, 1644
4.00 ptg., 1600, 1644
4.00 ptg., 1600, 1644
4.42 ptg., 1642, 1644
4.42 ptg., 1642, 1647
4.44 ptg., 1644, 1647
4.44 ptg., 1644, 1647
4.44 ptg., 1644, 1650
4.44 ptg., 1644, 1650
4.44 ptg., 1644, 1650
4.47 ptg., 1647, 1656
4.47 ptg., 1647, 1700
4.47 ptg., 1647, 1700
‚Ė†1650, 1650, 1700
‚Ė†1650, 1650, 1700
‚Ė†1650, 1650, 1700
4.56 ptg., 1656, 1700
‚Ė†1700, 1700, 1704
‚Ė†1700, 1700, 1710
‚Ė†1700, 1700, 1710
‚Ė†1700, 1700, 1710
‚Ė†1700, 1700, 1710
‚Ė†1700, 1700, 1712
5.04 ptg., 1704, 1712
‚Ė†1710, 1710, 1717
‚Ė†1710, 1710, 1720
‚Ė†1710, 1710, 1720
‚Ė†1710, 1710, 1724
5.12 ptg., 1712, 1724
5.12 ptg., 1712, 1729
5.17 ptg., 1717, 1730
‚Ė†1720, 1720, 1730
‚Ė†1720, 1720, 1732
5.24 ptg., 1724, 1732
5.24 ptg., 1724, 1732
5.29 ptg., 1729, 1732
‚Ė†1730, 1730, 1732
‚Ė†1730, 1730, 1732
5.32 ptg., 1732, 1737
5.32 ptg., 1732, 1737
5.32 ptg., 1732, 1737
5.32 ptg., 1732, 1740
5.32 ptg., 1732, 1740
5.32 ptg., 1732, 1742
5.37 ptg., 1737, 1742
5.37 ptg., 1737, 1742
5.37 ptg., 1737, 1742
‚Ė†1740, 1740, 1748
‚Ė†1740, 1740, 1750
5.42 ptg., 1742, 1750
5.42 ptg., 1742, 1753
5.42 ptg., 1742, 1753
5.42 ptg., 1742, 1753
5.48 ptg., 1748, 1800
‚Ė†1750, 1750, 1800
‚Ė†1750, 1750, 1801
5.53 ptg., 1753, 1801
5.53 ptg., 1753, 1807
5.53 ptg., 1753, 1810
‚Ė†1800, 1800, 1810
‚Ė†1800, 1800, 1813
6.01 ptg., 1801, 1813
6.01 ptg., 1801, 1818
6.07 ptg., 1807, 1820
‚Ė†1810, 1810, 1820
‚Ė†1810, 1810, 1820
6.13 ptg., 1813, 1820
6.13 ptg., 1813, 1820
6.18 ptg., 1818, 1820
‚Ė†1820, 1820, 1830
‚Ė†1820, 1820, 1830
‚Ė†1820, 1820, 1830
‚Ė†1820, 1820, 1830
‚Ė†1820, 1820, 1830
‚Ė†1820, 1820, 1830
‚Ė†1830, 1830, 1840
‚Ė†1830, 1830, 1840
‚Ė†1830, 1830, 1840
‚Ė†1830, 1830, 1840
‚Ė†1830, 1830, 1840
‚Ė†1830, 1830, 1840
‚Ė†1840, 1840, 1843
‚Ė†1840, 1840, 1843
‚Ė†1840, 1840, 1846
‚Ė†1840, 1840, 1846
‚Ė†1840, 1840, 1846
‚Ė†1840, 1840, 1846
6.43 ptg., 1843, 1846
6.43 ptg., 1843, 1846
6.46 ptg., 1846, 1849
6.46 ptg., 1846, 1849
6.46 ptg., 1846, 1849
6.46 ptg., 1846, 1849
6.46 ptg., 1846, 1849
6.46 ptg., 1846, 1849
6.49 ptg., 1849, 1853
6.49 ptg., 1849, 2337
6.49 ptg., 1849, 2337
6.49 ptg., 1849, 2337
6.49 ptg., 1849, 2337
6.49 ptg., 1849, 2337
6.53 petang, 1853, 2337

14032022
11.36 tgh., 2336, 1138
11.36 tgh., 2336, 1140
11.36 tgh., 2336, 1140
11.36 tgh., 2336, 1140
11.36 tgh., 2336, 1140
11.36 tgh., 2336, 1140
11.36 tgh., 2336, 1140
11.36 tgh., 2336, 1140
11.38 pg., 1138, 1140
‚Ė†1140, 1140, 1150
‚Ė†1140, 1140, 1150
‚Ė†1140, 1140, 1150
‚Ė†1140, 1140, 1150
‚Ė†1140, 1140, 1150
‚Ė†1140, 1140, 1200
‚Ė†1140, 1140, 1200
‚Ė†1140, 1140, 1200
‚Ė†1150, 1150, 1210
‚Ė†1150, 1150, 1210
‚Ė†1150, 1150, 1210
‚Ė†1150, 1150, 1210
‚Ė†1150, 1150, 1211
‚Ė†1200, 1200, 1211
‚Ė†1200, 1200, 1211
‚Ė†1200, 1200, 1211
‚Ė†1210, 1210, 1211
‚Ė†1210, 1210, 1211
‚Ė†1210, 1210, 1211
‚Ė†1210, 1210, 1211
12.11 tgh., 1211, 1220
12.11 tgh., 1211, 1220
12.11 tgh., 1211, 1220
12.11 tgh., 1211, 1220
12.11 tgh., 1211, 1220
12.11 tgh., 1211, 1220
12.11 tgh., 1211, 1220
12.11 tgh., 1211, 1220
‚Ė†1220, 1220, 1230
‚Ė†1220, 1220, 1230
‚Ė†1220, 1220, 1230
‚Ė†1220, 1220, 1230
‚Ė†1220, 1220, 1230
‚Ė†1220, 1220, 1230
‚Ė†1220, 1220, 1230
‚Ė†1220, 1220, 1230
‚Ė†1230, 1230, 1240
‚Ė†1230, 1230, 1240
‚Ė†1230, 1230, 1240
‚Ė†1230, 1230, 1240
‚Ė†1230, 1230, 1240
‚Ė†1230, 1230, 1240
‚Ė†1230, 1230, 1240
‚Ė†1230, 1230, 1240
‚Ė†1240, 1240, 1242
‚Ė†1240, 1240, 1242
‚Ė†1240, 1240, 1242
‚Ė†1240, 1240, 1250
‚Ė†1240, 1240, 1250
‚Ė†1240, 1240, 1250
‚Ė†1240, 1240, 1250
‚Ė†1240, 1240, 1250
12.42 tgh., 1242, 1250
12.42 tgh., 1242, 1250
12.42 tgh., 1242, 1250
‚Ė†1250, 1250, 1301
‚Ė†1250, 1250, 1430
‚Ė†1250, 1250, 1430
‚Ė†1250, 1250, 1430
‚Ė†1250, 1250, 1432
‚Ė†1250, 1250, 1432
‚Ė†1250, 1250, 1432
‚Ė†1250, 1250, 1432
1.01 tengah hari, 1301, 1432
2.30 petang, 1430, 1432
2.30 petang, 1430, 1432
2.30 petang, 1430, 1432
2.32 ptg., 1432, 1440
2.32 ptg., 1432, 1440
2.32 ptg., 1432, 1440
2.32 ptg., 1432, 1440
2.32 ptg., 1432, 1440
2.32 ptg., 1432, 1440
2.32 ptg., 1432, 1440
2.32 ptg., 1432, 1440
‚Ė†1440, 1440, 1450
‚Ė†1440, 1440, 1450
‚Ė†1440, 1440, 1450
‚Ė†1440, 1440, 1450
‚Ė†1440, 1440, 1450
‚Ė†1440, 1440, 1450
‚Ė†1440, 1440, 1450
‚Ė†1440, 1440, 1450
‚Ė†1450, 1450, 1459
‚Ė†1450, 1450, 1500
‚Ė†1450, 1450, 1500
‚Ė†1450, 1450, 1500
‚Ė†1450, 1450, 1500
‚Ė†1450, 1450, 1500
‚Ė†1450, 1450, 1500
‚Ė†1450, 1450, 1500
2.59 ptg., 1459, 1500
‚Ė†1500, 1500, 1510
‚Ė†1500, 1500, 1510
‚Ė†1500, 1500, 1510
‚Ė†1500, 1500, 1510
‚Ė†1500, 1500, 1510
‚Ė†1500, 1500, 1510
‚Ė†1500, 1500, 1510
‚Ė†1500, 1500, 1510
‚Ė†1510, 1510, 1520
‚Ė†1510, 1510, 1520
‚Ė†1510, 1510, 1520
‚Ė†1510, 1510, 1520
‚Ė†1510, 1510, 1520
‚Ė†1510, 1510, 1520
‚Ė†1510, 1510, 1520
‚Ė†1510, 1510, 1520
‚Ė†1520, 1520, 1530
‚Ė†1520, 1520, 1530
‚Ė†1520, 1520, 1530
‚Ė†1520, 1520, 1530
‚Ė†1520, 1520, 1530
‚Ė†1520, 1520, 1530
‚Ė†1520, 1520, 1530
‚Ė†1520, 1520, 1530
‚Ė†1530, 1530, 1540
‚Ė†1530, 1530, 1540
‚Ė†1530, 1530, 1540
‚Ė†1530, 1530, 1540
‚Ė†1530, 1530, 1540
‚Ė†1530, 1530, 1540
‚Ė†1530, 1530, 1540
‚Ė†1530, 1530, 1540
‚Ė†1540, 1540, 1543
‚Ė†1540, 1540, 1543
‚Ė†1540, 1540, 1543
‚Ė†1540, 1540, 1543
‚Ė†1540, 1540, 1543
‚Ė†1540, 1540, 1543
‚Ė†1540, 1540, 1550
‚Ė†1540, 1540, 1550
3.43 ptg., 1543, 1550
3.43 ptg., 1543, 1550
3.43 ptg., 1543, 1550
3.43 ptg., 1543, 1550
3.43 ptg., 1543, 1550
3.43 ptg., 1543, 1550
‚Ė†1550, 1550, 1600
‚Ė†1550, 1550, 1600
‚Ė†1550, 1550, 1600
‚Ė†1550, 1550, 1600
‚Ė†1550, 1550, 1600
‚Ė†1550, 1550, 1600
‚Ė†1550, 1550, 1600
‚Ė†1550, 1550, 1600
‚Ė†1600, 1600, 1610
‚Ė†1600, 1600, 1610
‚Ė†1600, 1600, 1610
‚Ė†1600, 1600, 1610
‚Ė†1600, 1600, 1610
‚Ė†1600, 1600, 1610
‚Ė†1600, 1600, 1610
‚Ė†1600, 1600, 1610
‚Ė†1610, 1610, 1620
‚Ė†1610, 1610, 1620
‚Ė†1610, 1610, 1620
‚Ė†1610, 1610, 1620
‚Ė†1610, 1610, 1620
‚Ė†1610, 1610, 1620
‚Ė†1610, 1610, 1620
‚Ė†1610, 1610, 1620
‚Ė†1620, 1620, 1630
‚Ė†1620, 1620, 1630
‚Ė†1620, 1620, 1630
‚Ė†1620, 1620, 1630
‚Ė†1620, 1620, 1630
‚Ė†1620, 1620, 1630
‚Ė†1620, 1620, 1630
‚Ė†1620, 1620, 1630
‚Ė†1630, 1630, 1638
‚Ė†1630, 1630, 1640
‚Ė†1630, 1630, 1650
‚Ė†1630, 1630, 1650
‚Ė†1630, 1630, 1650
‚Ė†1630, 1630, 1700
‚Ė†1630, 1630, 1700
‚Ė†1630, 1630, 1700
4.38 ptg., 1638, 1700
‚Ė†1640, 1640, 1700
‚Ė†1650, 1650, 1700
‚Ė†1650, 1650, 1700
‚Ė†1650, 1650, 1700
‚Ė†1700, 1700, 1710
‚Ė†1700, 1700, 1710
‚Ė†1700, 1700, 1710
‚Ė†1700, 1700, 1710
‚Ė†1700, 1700, 1710
‚Ė†1700, 1700, 1710
‚Ė†1700, 1700, 1710
‚Ė†1700, 1700, 1710
‚Ė†1710, 1710, 1713
‚Ė†1710, 1710, 1720
‚Ė†1710, 1710, 1720
‚Ė†1710, 1710, 1720
‚Ė†1710, 1710, 1720
‚Ė†1710, 1710, 1720
‚Ė†1710, 1710, 1720
‚Ė†1710, 1710, 1720
5.13 ptg., 1713, 1720
‚Ė†1720, 1720, 1730
‚Ė†1720, 1720, 1730
‚Ė†1720, 1720, 1730
‚Ė†1720, 1720, 1730
‚Ė†1720, 1720, 1740
‚Ė†1720, 1720, 1740
‚Ė†1720, 1720, 1740
‚Ė†1720, 1720, 1740
‚Ė†1730, 1730, 1740
‚Ė†1730, 1730, 1740
‚Ė†1730, 1730, 1740
‚Ė†1730, 1730, 1740
‚Ė†1740, 1740, 1750
‚Ė†1740, 1740, 1750
‚Ė†1740, 1740, 1750
‚Ė†1740, 1740, 1750
‚Ė†1740, 1740, 1750
‚Ė†1740, 1740, 1750
‚Ė†1740, 1740, 1750
‚Ė†1740, 1740, 1750
‚Ė†1750, 1750, 1753
‚Ė†1750, 1750, 1753
‚Ė†1750, 1750, 1753
‚Ė†1750, 1750, 1753
‚Ė†1750, 1750, 1800
‚Ė†1750, 1750, 1800
‚Ė†1750, 1750, 1800
‚Ė†1750, 1750, 1800
5.53 ptg., 1753, 1800
5.53 ptg., 1753, 1800
5.53 ptg., 1753, 1800
5.53 ptg., 1753, 1800
‚Ė†1800, 1800, 1810
‚Ė†1800, 1800, 1810
‚Ė†1800, 1800, 1810
‚Ė†1800, 1800, 1810
‚Ė†1800, 1800, 1810
‚Ė†1800, 1800, 1810
‚Ė†1800, 1800, 1810
‚Ė†1800, 1800, 1810
‚Ė†1810, 1810, 1820
‚Ė†1810, 1810, 1820
‚Ė†1810, 1810, 1820
‚Ė†1810, 1810, 1820
‚Ė†1810, 1810, 1820
‚Ė†1810, 1810, 1820
‚Ė†1810, 1810, 1820
‚Ė†1810, 1810, 1820
‚Ė†1820, 1820, 1830
‚Ė†1820, 1820, 1830
‚Ė†1820, 1820, 1830
‚Ė†1820, 1820, 1830
‚Ė†1820, 1820, 1830
‚Ė†1820, 1820, 1830
‚Ė†1820, 1820, 1830
‚Ė†1820, 1820, 1830
‚Ė†1830, 1830, 1832
‚Ė†1830, 1830, 2336
‚Ė†1830, 1830, 2336
‚Ė†1830, 1830, 2336
‚Ė†1830, 1830, 2336
‚Ė†1830, 1830, 2336
‚Ė†1830, 1830, 2336
‚Ė†1830, 1830, 2336
6.32 petang, 1832, 2336

11042022
3.05 ptg., 1505, 1500
‚Ė†1500, 1500, 1502
3.02 ptg., 1502, 1505

01032022
12.38 tgh., 1238, 1220
12.38 tgh., 1238, 1220
12.38 tgh., 1238, 1220
12.38 tgh., 1238, 1220
12.38 tgh., 1238, 1220
12.38 tgh., 1238, 1220
‚Ė†1220, 1220, 1230
‚Ė†1220, 1220, 1230
‚Ė†1220, 1220, 1230
‚Ė†1220, 1220, 1230
‚Ė†1220, 1220, 1230
‚Ė†1220, 1220, 1230
‚Ė†1230, 1230, 1238
‚Ė†1230, 1230, 1238
‚Ė†1230, 1230, 1238
‚Ė†1230, 1230, 1238
‚Ė†1230, 1230, 1238
‚Ė†1230, 1230, 1238

05102022
12.27 tgh., 1227, 1225
12.29 tgh., 1229, 1227
‚Ė†1230, 1230, 1229
12.35 tgh., 1235, 1230
‚Ė†1240, 1240, 1235
12.43 tgh., 1243, 1240
‚Ė†1250, 1250, 1243
12.25 tgh, 1225, 1250

16032022
7.06 ptg., 1906, 1710
‚Ė†1710, 1710, 1712
5.12 petang, 1712, 1906

02032022
6.16 ptg., 1816, 1620
‚Ė†1620, 1620, 1630
‚Ė†1630, 1630, 1638
4.38 ptg., 1638, 1640
‚Ė†1640, 1640, 1650
‚Ė†1650, 1650, 1658
4.58 ptg., 1658, 1700
‚Ė†1700, 1700, 1710
‚Ė†1710, 1710, 1711
5.11 ptg., 1711, 1720
‚Ė†1720, 1720, 1723
5.23 ptg., 1723, 1730
‚Ė†1730, 1730, 1733
5.33 ptg, 1733, 1740
‚Ė†1740, 1740, 1748
5.48 ptg., 1748, 1750
‚Ė†1750, 1750, 1759
5.59 ptg., 1759, 1800
‚Ė†1800, 1800, 1810
‚Ė†1810, 1810, 1816

20072022
4.36 ptg., 1636, 1635
4.36 ptg., 1636, 1635
4.36 ptg., 1636, 1635
4.36 ptg., 1636, 1635
4.35 ptg., 1635, 1636
4.35 ptg., 1635, 1636
4.35 ptg., 1635, 1636
4.35 ptg., 1635, 1636
5.58 ptg., 1758, 1659
5.58 ptg., 1758, 1659
4.59 ptg., 1659, 1700
4.59 ptg., 1659, 1700
5.00 ptg., 1700, 1710
5.00 ptg., 1700, 1710
5.10 ptg., 1710, 1713
5.10 ptg., 1710, 1713
5.13 ptg., 1713, 1716
5.13 ptg., 1713, 1716
5.16 ptg., 1716, 1718
5.16 ptg., 1716, 1718
5.18 ptg., 1718, 1720
5.18 ptg., 1718, 1720
‚Ė†1720, 1720, 1728
‚Ė†1720, 1720, 1728
5.28 ptg., 1728, 1730
5.28 ptg., 1728, 1730
‚Ė†1730, 1730, 1740
‚Ė†1730, 1730, 1740
‚Ė†1740, 1740, 1742
‚Ė†1740, 1740, 1742
5.42 ptg., 1742, 1750
5.42 ptg., 1742, 1750
5.50 ptg., 1750, 1755
5.50 ptg., 1750, 1755
5.55 ptg., 1755, 1758
5.55 ptg., 1755, 1758

03032022
6.16 ptg., 1816, 1620
‚Ė†1620, 1620, 1630
‚Ė†1630, 1630, 1634
4.34 ptg., 1634, 1640
‚Ė†1640, 1640, 1649
4.49 ptg., 1649, 1650
‚Ė†1650, 1650, 1700
‚Ė†1700, 1700, 1707
5.07 ptg., 1707, 1710
‚Ė†1710, 1710, 1720
‚Ė†1720, 1720, 1724
5.24 ptg., 1724, 1730
‚Ė†1730, 1730, 1734
5.34 ptg., 1734, 1740
‚Ė†1740, 1740, 1749
5.49 ptg., 1749, 1750
‚Ė†1750, 1750, 1800
‚Ė†1800, 1800, 1805
6.05 ptg., 1805, 1810
‚Ė†1810, 1810, 1816

21072022
‚Ė†1230, 1230, 1222
‚Ė†1240, 1240, 1222
‚Ė†1240, 1240, 1222
‚Ė†1240, 1240, 1222
‚Ė†1240, 1240, 1222
12.22 tgh., 1222, 1230
12.22 tgh., 1222, 1240
12.22 tgh., 1222, 1240
12.22 tgh., 1222, 1240
12.22 tgh., 1222, 1240

22032022
11.37 tgh., 2337, 1207
11.37 tgh., 2337, 1210
11.37 tgh., 2337, 1210
11.37 tgh., 2337, 1210
11.37 tgh., 2337, 1210
11.37 tgh., 2337, 1210
11.37 tgh., 2337, 1210
11.37 tgh., 2337, 1210
11.37 tgh., 2337, 1210
11.37 tgh., 2337, 1210
11.37 tgh., 2337, 1216
11.37 tgh., 2337, 1216
11.37 tgh., 2337, 1216
11.37 tgh., 2337, 1216
11.37 tgh., 2337, 1216
11.37 tgh., 2337, 1220
11.37 tgh., 2337, 1220
11.37 tgh., 2337, 1220
11.37 tgh., 2337, 1220
11.37 tgh., 2337, 1220
11.37 tgh., 2337, 1220
11.37 tgh., 2337, 1220
11.37 tgh., 2337, 1220
12.07 tgh., 1207, 1229
‚Ė†1210, 1210, 1230
‚Ė†1210, 1210, 1230
‚Ė†1210, 1210, 1233
‚Ė†1210, 1210, 1233
‚Ė†1210, 1210, 1235
‚Ė†1210, 1210, 1235
‚Ė†1210, 1210, 1235
‚Ė†1210, 1210, 1240
‚Ė†1210, 1210, 1240
12.16 tgh., 1216, 1240
12.16 tgh., 1216, 1240
12.16 tgh., 1216, 1240
12.16 tgh., 1216, 1240
12.16 tgh., 1216, 1240
‚Ė†1220, 1220, 1240
‚Ė†1220, 1220, 1240
‚Ė†1220, 1220, 1240
‚Ė†1220, 1220, 1240
‚Ė†1220, 1220, 1240
‚Ė†1220, 1220, 1240
‚Ė†1220, 1220, 1241
‚Ė†1220, 1220, 1241
12.33 tgh., 1233, 1246
12.33 tgh., 1233, 1250
12.29 tgh., 1229, 1250
‚Ė†1230, 1230, 1253
‚Ė†1230, 1230, 1253
12.35 tgh., 1235, 1300
12.35 tgh., 1235, 1430
12.35 tgh., 1235, 1430
‚Ė†1240, 1240, 1430
‚Ė†1240, 1240, 1432
‚Ė†1240, 1240, 1440
‚Ė†1240, 1240, 1440
‚Ė†1240, 1240, 1440
‚Ė†1240, 1240, 1440
‚Ė†1240, 1240, 1448
‚Ė†1240, 1240, 1450
‚Ė†1240, 1240, 1450
‚Ė†1240, 1240, 1456
‚Ė†1240, 1240, 1500
‚Ė†1240, 1240, 1500
‚Ė†1240, 1240, 1501
12.41 tgh., 1241, 1501
12.41 tgh., 1241, 1501
12.46 tgh., 1246, 1501
‚Ė†1250, 1250, 1501
‚Ė†1250, 1250, 1510
12.53 tgh., 1253, 1510
12.53 tgh., 1253, 1510
1.00 tengah hari, 1300, 1510
2.30 petang, 1430, 1519
2.30 petang, 1430, 1520
2.30 petang, 1430, 1520
2.32 ptg., 1432, 1520
‚Ė†1440, 1440, 1520
‚Ė†1440, 1440, 1520
2.40 ptg., 1440, 1520
2.40 ptg., 1440, 1526
2.48 ptg., 1448, 1530
‚Ė†1450, 1450, 1530
‚Ė†1450, 1450, 1530
2.56 ptg., 1456, 1530
‚Ė†1500, 1500, 1532
‚Ė†1500, 1500, 1532
3.01 ptg., 1501, 1535
3.01 ptg., 1501, 1540
3.01 ptg., 1501, 1540
3.01 ptg., 1501, 1540
3.01 ptg., 1501, 1540
‚Ė†1510, 1510, 1540
‚Ė†1510, 1510, 1540
3.10 ptg., 1510, 1544
3.10 ptg., 1510, 1544
3.19 ptg., 1519, 1544
‚Ė†1520, 1520, 1544
‚Ė†1520, 1520, 1544
‚Ė†1520, 1520, 1544
‚Ė†1520, 1520, 1544
‚Ė†1520, 1520, 1544
‚Ė†1520, 1520, 1544
3.26 ptg., 1526, 1544
‚Ė†1530, 1530, 1544
‚Ė†1530, 1530, 1550
‚Ė†1530, 1530, 1550
‚Ė†1530, 1530, 1550
3.32 ptg., 1532, 1550
3.32 ptg., 1532, 1550
3.35 ptg., 1535, 1551
‚Ė†1540, 1540, 1551
‚Ė†1540, 1540, 1551
‚Ė†1540, 1540, 1551
‚Ė†1540, 1540, 1551
‚Ė†1540, 1540, 1551
‚Ė†1540, 1540, 1551
3.44 ptg., 1544, 1557
3.44 ptg., 1544, 1600
3.44 ptg., 1544, 1600
3.44 ptg., 1544, 1600
3.44 ptg., 1544, 1600
3.44 ptg., 1544, 1604
3.44 ptg., 1544, 1604
3.44 ptg., 1544, 1609
3.44 ptg., 1544, 1609
3.44 ptg., 1544, 1609
3.44 ptg., 1544, 1610
‚Ė†1550, 1550, 1610
‚Ė†1550, 1550, 1614
‚Ė†1550, 1550, 1620
‚Ė†1550, 1550, 1620
‚Ė†1550, 1550, 1620
3.51 ptg., 1551, 1620
3.51 ptg., 1551, 1625
3.51 ptg., 1551, 1630
3.51 ptg., 1551, 1630
3.51 ptg., 1551, 1633
3.51 ptg., 1551, 1633
3.51 ptg., 1551, 1633
3.57 ptg., 1557, 1633
‚Ė†1600, 1600, 1633
‚Ė†1600, 1600, 1640
‚Ė†1600, 1600, 1640
‚Ė†1600, 1600, 1640
4.04 ptg., 1604, 1640
4.04 ptg., 1604, 1640
4.09 ptg., 1609, 1640
4.09 ptg., 1609, 1640
4.09 ptg., 1609, 1640
‚Ė†1610, 1610, 1640
‚Ė†1610, 1610, 1640
4.14 ptg., 1614, 1640
‚Ė†1620, 1620, 1640
‚Ė†1620, 1620, 1640
‚Ė†1620, 1620, 1640
‚Ė†1620, 1620, 1640
4.25 ptg., 1625, 1640
‚Ė†1630, 1630, 1640
‚Ė†1630, 1630, 1640
4.33 ptg., 1633, 1640
4.33 ptg., 1633, 1640
4.33 ptg., 1633, 1640
4.33 ptg., 1633, 1640
4.33 ptg., 1633, 1640
‚Ė†1640, 1640, 1650
‚Ė†1640, 1640, 1650
‚Ė†1640, 1640, 1650
‚Ė†1640, 1640, 1650
‚Ė†1640, 1640, 1650
‚Ė†1640, 1640, 1650
‚Ė†1640, 1640, 1650
‚Ė†1640, 1640, 1650
‚Ė†1640, 1640, 1700
‚Ė†1640, 1640, 1700
‚Ė†1640, 1640, 1700
‚Ė†1640, 1640, 1700
‚Ė†1640, 1640, 1700
‚Ė†1640, 1640, 1700
‚Ė†1640, 1640, 1700
‚Ė†1640, 1640, 1700
‚Ė†1640, 1640, 1700
‚Ė†1640, 1640, 1700
‚Ė†1640, 1640, 1700
‚Ė†1640, 1640, 1700
‚Ė†1640, 1640, 1700
‚Ė†1640, 1640, 1700
‚Ė†1640, 1640, 1700
‚Ė†1650, 1650, 1700
‚Ė†1650, 1650, 1700
‚Ė†1650, 1650, 1700
‚Ė†1650, 1650, 1700
‚Ė†1650, 1650, 1700
‚Ė†1650, 1650, 1700
‚Ė†1650, 1650, 1700
‚Ė†1650, 1650, 1700
‚Ė†1700, 1700, 1710
‚Ė†1700, 1700, 1710
‚Ė†1700, 1700, 1712
‚Ė†1700, 1700, 1712
‚Ė†1700, 1700, 1712
‚Ė†1700, 1700, 1712
‚Ė†1700, 1700, 1712
‚Ė†1700, 1700, 1712
‚Ė†1700, 1700, 1712
‚Ė†1700, 1700, 1712
‚Ė†1700, 1700, 1712
‚Ė†1700, 1700, 1712
‚Ė†1700, 1700, 1712
‚Ė†1700, 1700, 1712
‚Ė†1700, 1700, 1712
‚Ė†1700, 1700, 1712
‚Ė†1700, 1700, 1712
‚Ė†1700, 1700, 1712
‚Ė†1700, 1700, 1712
‚Ė†1700, 1700, 1712
‚Ė†1700, 1700, 1712
‚Ė†1700, 1700, 1718
‚Ė†1700, 1700, 1720
‚Ė†1710, 1710, 1720
‚Ė†1710, 1710, 1720
5.12 ptg., 1712, 1720
5.12 ptg., 1712, 1720
5.12 ptg., 1712, 1720
5.12 ptg., 1712, 1720
5.12 ptg., 1712, 1720
5.12 ptg., 1712, 1720
5.12 ptg., 1712, 1720
5.12 ptg., 1712, 1720
5.12 ptg., 1712, 1720
5.12 ptg., 1712, 1720
5.12 ptg., 1712, 1720
5.12 ptg., 1712, 1720
5.12 ptg., 1712, 1720
5.12 ptg., 1712, 1720
5.12 ptg., 1712, 1720
5.12 ptg., 1712, 1720
5.12 ptg., 1712, 1720
5.12 ptg., 1712, 1720
5.12 ptg., 1712, 1720
5.18 ptg., 1718, 1720
‚Ė†1720, 1720, 1725
‚Ė†1720, 1720, 1725
‚Ė†1720, 1720, 1725
‚Ė†1720, 1720, 1725
‚Ė†1720, 1720, 1725
‚Ė†1720, 1720, 1725
‚Ė†1720, 1720, 1725
‚Ė†1720, 1720, 1725
‚Ė†1720, 1720, 1725
‚Ė†1720, 1720, 1725
‚Ė†1720, 1720, 1725
‚Ė†1720, 1720, 1725
‚Ė†1720, 1720, 1725
‚Ė†1720, 1720, 1725
‚Ė†1720, 1720, 1725
‚Ė†1720, 1720, 1725
‚Ė†1720, 1720, 1725
‚Ė†1720, 1720, 1725
‚Ė†1720, 1720, 1725
‚Ė†1720, 1720, 1725
‚Ė†1720, 1720, 1725
‚Ė†1720, 1720, 1725
‚Ė†1720, 1720, 1725
5.25 ptg., 1725, 1730
5.25 ptg., 1725, 1730
5.25 ptg., 1725, 1730
5.25 ptg., 1725, 1730
5.25 ptg., 1725, 1730
5.25 ptg., 1725, 1730
5.25 ptg., 1725, 1730
5.25 ptg., 1725, 1730
5.25 ptg., 1725, 1730
5.25 ptg., 1725, 1730
5.25 ptg., 1725, 1730
5.25 ptg., 1725, 1730
5.25 ptg., 1725, 1730
5.25 ptg., 1725, 1730
5.25 ptg., 1725, 1730
5.25 ptg., 1725, 1730
5.25 ptg., 1725, 1730
5.25 ptg., 1725, 1730
5.25 ptg., 1725, 1730
5.25 ptg., 1725, 1730
5.25 ptg., 1725, 1730
5.25 ptg., 1725, 1730
5.25 ptg., 1725, 1730
‚Ė†1730, 1730, 1736
‚Ė†1730, 1730, 1736
‚Ė†1730, 1730, 1739
‚Ė†1730, 1730, 1740
‚Ė†1730, 1730, 1740
‚Ė†1730, 1730, 1741
‚Ė†1730, 1730, 1741
‚Ė†1730, 1730, 1743
‚Ė†1730, 1730, 1743
‚Ė†1730, 1730, 1744
‚Ė†1730, 1730, 1744
‚Ė†1730, 1730, 1744
‚Ė†1730, 1730, 1750
‚Ė†1730, 1730, 1750
‚Ė†1730, 1730, 1750
‚Ė†1730, 1730, 1750
‚Ė†1730, 1730, 1750
‚Ė†1730, 1730, 1750
‚Ė†1730, 1730, 1750
‚Ė†1730, 1730, 1750
‚Ė†1730, 1730, 1750
‚Ė†1730, 1730, 1750
‚Ė†1730, 1730, 1750
5.36 ptg., 1736, 1750
5.36 ptg., 1736, 1750
5.39 ptg., 1739, 1750
‚Ė†1740, 1740, 1750
‚Ė†1740, 1740, 1750
5.41 ptg., 1741, 1750
5.41 ptg., 1741, 1750
5.43 ptg., 1743, 1800
5.43 ptg., 1743, 1800
5.44 ptg., 1744, 1800
5.44 ptg., 1744, 1800
5.44 ptg., 1744, 1800
‚Ė†1750, 1750, 1800
‚Ė†1750, 1750, 1800
‚Ė†1750, 1750, 1800
‚Ė†1750, 1750, 1800
‚Ė†1750, 1750, 1800
‚Ė†1750, 1750, 1800
‚Ė†1750, 1750, 1800
‚Ė†1750, 1750, 1800
‚Ė†1750, 1750, 1800
‚Ė†1750, 1750, 1800
‚Ė†1750, 1750, 1800
‚Ė†1750, 1750, 1800
‚Ė†1750, 1750, 1800
‚Ė†1750, 1750, 1800
‚Ė†1750, 1750, 1810
‚Ė†1750, 1750, 1810
‚Ė†1750, 1750, 1812
‚Ė†1750, 1750, 1812
‚Ė†1800, 1800, 1813
‚Ė†1800, 1800, 1813
‚Ė†1800, 1800, 1813
‚Ė†1800, 1800, 1820
‚Ė†1800, 1800, 1820
‚Ė†1800, 1800, 1820
‚Ė†1800, 1800, 1820
‚Ė†1800, 1800, 1820
‚Ė†1800, 1800, 1820
‚Ė†1800, 1800, 1824
‚Ė†1800, 1800, 1824
‚Ė†1800, 1800, 1828
‚Ė†1800, 1800, 1830
‚Ė†1800, 1800, 1830
‚Ė†1800, 1800, 1830
‚Ė†1800, 1800, 1830
‚Ė†1800, 1800, 1830
‚Ė†1800, 1800, 1830
‚Ė†1800, 1800, 1830
‚Ė†1810, 1810, 1830
‚Ė†1810, 1810, 1830
6.12 ptg., 1812, 1830
6.12 ptg., 1812, 1830
6.13 ptg., 1813, 1830
6.13 ptg., 1813, 1830
6.13 ptg., 1813, 1830
‚Ė†1820, 1820, 1830
‚Ė†1820, 1820, 1830
‚Ė†1820, 1820, 1830
‚Ė†1820, 1820, 1830
‚Ė†1820, 1820, 1830
‚Ė†1820, 1820, 1830
6.24 ptg., 1824, 1830
6.24 ptg., 1824, 1830
6.28 ptg., 1828, 1830
‚Ė†1830, 1830, 1840
‚Ė†1830, 1830, 1840
‚Ė†1830, 1830, 1840
‚Ė†1830, 1830, 1840
‚Ė†1830, 1830, 1840
‚Ė†1830, 1830, 1840
‚Ė†1830, 1830, 1840
‚Ė†1830, 1830, 1840
‚Ė†1830, 1830, 1840
‚Ė†1830, 1830, 1840
‚Ė†1830, 1830, 1840
‚Ė†1830, 1830, 1845
‚Ė†1830, 1830, 2337
‚Ė†1830, 1830, 2337
‚Ė†1830, 1830, 2337
‚Ė†1830, 1830, 2337
‚Ė†1830, 1830, 2337
‚Ė†1830, 1830, 2337
‚Ė†1830, 1830, 2337
‚Ė†1830, 1830, 2337
‚Ė†1830, 1830, 2337
‚Ė†1830, 1830, 2337
‚Ė†1830, 1830, 2337
‚Ė†1840, 1840, 2337
‚Ė†1840, 1840, 2337
‚Ė†1840, 1840, 2337
‚Ė†1840, 1840, 2337
‚Ė†1840, 1840, 2337
‚Ė†1840, 1840, 2337
‚Ė†1840, 1840, 2337
‚Ė†1840, 1840, 2337
‚Ė†1840, 1840, 2337
‚Ė†1840, 1840, 2337
‚Ė†1840, 1840, 2337
6.45 petang, 1845, 2337

13092021
10.23 pagi, 1023, 1020
10.23 pagi, 1023, 1020
10.23 pagi, 1023, 1020
‚Ė†1020, 1020, 1023
‚Ė†1020, 1020, 1023
‚Ė†1020, 1020, 1023

15112021
11.31 tgh., 2331, 1133
11.31 tgh., 2331, 1133
11.31 tgh., 2331, 1133
11.31 tgh., 2331, 1133
11.31 tgh., 2331, 1133
11.31 tgh., 2331, 1133
11.31 tgh., 2331, 1140
11.31 tgh., 2331, 1140
11.31 tgh., 2331, 1140
11.33 pg., 1133, 1140
11.33 pg., 1133, 1140
11.33 pg., 1133, 1140
11.33 pg., 1133, 1140
11.33 pg., 1133, 1140
11.33 pg., 1133, 1140
‚Ė†1140, 1140, 1150
‚Ė†1140, 1140, 1150
‚Ė†1140, 1140, 1150
‚Ė†1140, 1140, 1150
‚Ė†1140, 1140, 1150
‚Ė†1140, 1140, 1150
‚Ė†1140, 1140, 1150
‚Ė†1140, 1140, 1150
‚Ė†1140, 1140, 1150
‚Ė†1150, 1150, 1200
‚Ė†1150, 1150, 1200
‚Ė†1150, 1150, 1200
‚Ė†1150, 1150, 1200
‚Ė†1150, 1150, 1200
‚Ė†1150, 1150, 1200
‚Ė†1150, 1150, 1200
‚Ė†1150, 1150, 1200
‚Ė†1150, 1150, 1200
‚Ė†1200, 1200, 1206
‚Ė†1200, 1200, 1206
‚Ė†1200, 1200, 1206
‚Ė†1200, 1200, 1206
‚Ė†1200, 1200, 1206
‚Ė†1200, 1200, 1210
‚Ė†1200, 1200, 1210
‚Ė†1200, 1200, 1210
‚Ė†1200, 1200, 1210
12.06 tgh., 1206, 1210
12.06 tgh., 1206, 1210
12.06 tgh., 1206, 1210
12.06 tgh., 1206, 1210
12.06 tgh., 1206, 1210
‚Ė†1210, 1210, 1220
‚Ė†1210, 1210, 1220
‚Ė†1210, 1210, 1220
‚Ė†1210, 1210, 1220
‚Ė†1210, 1210, 1220
‚Ė†1210, 1210, 1220
‚Ė†1210, 1210, 1220
‚Ė†1210, 1210, 1220
‚Ė†1210, 1210, 1220
‚Ė†1220, 1220, 1230
‚Ė†1220, 1220, 1230
‚Ė†1220, 1220, 1230
‚Ė†1220, 1220, 1230
‚Ė†1220, 1220, 1230
‚Ė†1220, 1220, 1230
‚Ė†1220, 1220, 1230
‚Ė†1220, 1220, 1230
‚Ė†1220, 1220, 1230
‚Ė†1230, 1230, 1240
‚Ė†1230, 1230, 1240
‚Ė†1230, 1230, 1240
‚Ė†1230, 1230, 1240
‚Ė†1230, 1230, 1240
‚Ė†1230, 1230, 1240
‚Ė†1230, 1230, 1240
‚Ė†1230, 1230, 1240
‚Ė†1230, 1230, 1240
‚Ė†1240, 1240, 1245
‚Ė†1240, 1240, 1245
‚Ė†1240, 1240, 1245
‚Ė†1240, 1240, 1245
‚Ė†1240, 1240, 1245
‚Ė†1240, 1240, 1250
‚Ė†1240, 1240, 1250
‚Ė†1240, 1240, 1250
‚Ė†1240, 1240, 1250
12.45 tgh., 1245, 1250
12.45 tgh., 1245, 1250
12.45 tgh., 1245, 1250
12.45 tgh., 1245, 1250
12.45 tgh., 1245, 1250
‚Ė†1250, 1250, 1301
‚Ė†1250, 1250, 1430
‚Ė†1250, 1250, 1430
‚Ė†1250, 1250, 1430
‚Ė†1250, 1250, 1433
‚Ė†1250, 1250, 1440
‚Ė†1250, 1250, 1440
‚Ė†1250, 1250, 1440
‚Ė†1250, 1250, 1440
1.01 tengah hari, 1301, 1440
2.30 petang, 1430, 1440
2.30 petang, 1430, 1440
2.30 petang, 1430, 1440
2.33 ptg., 1433, 1450
‚Ė†1440, 1440, 1450
‚Ė†1440, 1440, 1450
‚Ė†1440, 1440, 1450
‚Ė†1440, 1440, 1450
‚Ė†1440, 1440, 1450
‚Ė†1440, 1440, 1450
‚Ė†1440, 1440, 1450
‚Ė†1440, 1440, 1450
‚Ė†1450, 1450, 1500
‚Ė†1450, 1450, 1500
‚Ė†1450, 1450, 1500
‚Ė†1450, 1450, 1500
‚Ė†1450, 1450, 1500
‚Ė†1450, 1450, 1500
‚Ė†1450, 1450, 1500
‚Ė†1450, 1450, 1500
‚Ė†1450, 1450, 1500
‚Ė†1500, 1500, 1510
‚Ė†1500, 1500, 1510
‚Ė†1500, 1500, 1510
‚Ė†1500, 1500, 1510
‚Ė†1500, 1500, 1510
‚Ė†1500, 1500, 1510
‚Ė†1500, 1500, 1510
‚Ė†1500, 1500, 1510
‚Ė†1500, 1500, 1510
‚Ė†1510, 1510, 1517
‚Ė†1510, 1510, 1520
‚Ė†1510, 1510, 1520
‚Ė†1510, 1510, 1520
‚Ė†1510, 1510, 1520
‚Ė†1510, 1510, 1520
‚Ė†1510, 1510, 1520
‚Ė†1510, 1510, 1520
‚Ė†1510, 1510, 1520
3.17 ptg., 1517, 1520
‚Ė†1520, 1520, 1530
‚Ė†1520, 1520, 1530
‚Ė†1520, 1520, 1530
‚Ė†1520, 1520, 1530
‚Ė†1520, 1520, 1530
‚Ė†1520, 1520, 1530
‚Ė†1520, 1520, 1540
‚Ė†1520, 1520, 1540
‚Ė†1520, 1520, 1540
‚Ė†1530, 1530, 1540
‚Ė†1530, 1530, 1540
‚Ė†1530, 1530, 1540
‚Ė†1530, 1530, 1540
‚Ė†1530, 1530, 1540
‚Ė†1530, 1530, 1540
‚Ė†1540, 1540, 1550
‚Ė†1540, 1540, 1550
‚Ė†1540, 1540, 1550
‚Ė†1540, 1540, 1550
‚Ė†1540, 1540, 1550
‚Ė†1540, 1540, 1550
‚Ė†1540, 1540, 1550
‚Ė†1540, 1540, 1550
‚Ė†1540, 1540, 1550
‚Ė†1550, 1550, 1600
‚Ė†1550, 1550, 1600
‚Ė†1550, 1550, 1600
‚Ė†1550, 1550, 1600
‚Ė†1550, 1550, 1600
‚Ė†1550, 1550, 1600
‚Ė†1550, 1550, 1600
‚Ė†1550, 1550, 1600
‚Ė†1550, 1550, 1600
‚Ė†1600, 1600, 1609
‚Ė†1600, 1600, 1610
‚Ė†1600, 1600, 1610
‚Ė†1600, 1600, 1610
‚Ė†1600, 1600, 1610
‚Ė†1600, 1600, 1610
‚Ė†1600, 1600, 1610
‚Ė†1600, 1600, 1610
‚Ė†1600, 1600, 1610
4.09 ptg., 1609, 1610
‚Ė†1610, 1610, 1620
‚Ė†1610, 1610, 1620
‚Ė†1610, 1610, 1620
‚Ė†1610, 1610, 1620
‚Ė†1610, 1610, 1620
‚Ė†1610, 1610, 1620
‚Ė†1610, 1610, 1620
‚Ė†1610, 1610, 1620
‚Ė†1610, 1610, 1620
‚Ė†1620, 1620, 1625
‚Ė†1620, 1620, 1630
‚Ė†1620, 1620, 1630
‚Ė†1620, 1620, 1630
‚Ė†1620, 1620, 1630
‚Ė†1620, 1620, 1640
‚Ė†1620, 1620, 1640
‚Ė†1620, 1620, 1650
‚Ė†1620, 1620, 1650
4.25 ptg., 1625, 1650
‚Ė†1630, 1630, 1650
‚Ė†1630, 1630, 1650
‚Ė†1630, 1630, 1650
‚Ė†1630, 1630, 1650
‚Ė†1640, 1640, 1700
‚Ė†1640, 1640, 1700
‚Ė†1650, 1650, 1700
‚Ė†1650, 1650, 1700
‚Ė†1650, 1650, 1700
‚Ė†1650, 1650, 1700
‚Ė†1650, 1650, 1709
‚Ė†1650, 1650, 1710
‚Ė†1650, 1650, 1720
‚Ė†1700, 1700, 1720
‚Ė†1700, 1700, 1720
‚Ė†1700, 1700, 1720
‚Ė†1700, 1700, 1720
‚Ė†1700, 1700, 1720
‚Ė†1700, 1700, 1720
5.09 ptg., 1709, 1720
‚Ė†1710, 1710, 1720
‚Ė†1720, 1720, 1730
‚Ė†1720, 1720, 1730
‚Ė†1720, 1720, 1730
‚Ė†1720, 1720, 1730
‚Ė†1720, 1720, 1730
‚Ė†1720, 1720, 1730
‚Ė†1720, 1720, 1730
‚Ė†1720, 1720, 1730
‚Ė†1720, 1720, 1730
‚Ė†1730, 1730, 1740
‚Ė†1730, 1730, 1740
‚Ė†1730, 1730, 1740
‚Ė†1730, 1730, 1740
‚Ė†1730, 1730, 1740
‚Ė†1730, 1730, 1740
‚Ė†1730, 1730, 1740
‚Ė†1730, 1730, 1740
‚Ė†1730, 1730, 1740
‚Ė†1740, 1740, 1750
‚Ė†1740, 1740, 1750
‚Ė†1740, 1740, 1750
‚Ė†1740, 1740, 1750
‚Ė†1740, 1740, 1750
‚Ė†1740, 1740, 1750
‚Ė†1740, 1740, 1750
‚Ė†1740, 1740, 1750
‚Ė†1740, 1740, 1750
‚Ė†1750, 1750, 1759
‚Ė†1750, 1750, 1800
‚Ė†1750, 1750, 1810
‚Ė†1750, 1750, 1810
‚Ė†1750, 1750, 1810
‚Ė†1750, 1750, 1810
‚Ė†1750, 1750, 1810
‚Ė†1750, 1750, 1810
‚Ė†1750, 1750, 1810
5.59 ptg., 1759, 1810
‚Ė†1800, 1800, 1810
‚Ė†1810, 1810, 1820
‚Ė†1810, 1810, 1820
‚Ė†1810, 1810, 1820
‚Ė†1810, 1810, 1820
‚Ė†1810, 1810, 1830
‚Ė†1810, 1810, 1830
‚Ė†1810, 1810, 1830
‚Ė†1810, 1810, 1830
‚Ė†1810, 1810, 1830
‚Ė†1820, 1820, 1830
‚Ė†1820, 1820, 1830
‚Ė†1820, 1820, 1830
‚Ė†1820, 1820, 1830
‚Ė†1830, 1830, 1835
‚Ė†1830, 1830, 1840
‚Ė†1830, 1830, 1840
‚Ė†1830, 1830, 1840
‚Ė†1830, 1830, 1840
‚Ė†1830, 1830, 1840
‚Ė†1830, 1830, 1840
‚Ė†1830, 1830, 1840
‚Ė†1830, 1830, 1840
6.35 ptg., 1835, 1840
‚Ė†1840, 1840, 1850
‚Ė†1840, 1840, 1850
‚Ė†1840, 1840, 1850
‚Ė†1840, 1840, 1850
‚Ė†1840, 1840, 1850
‚Ė†1840, 1840, 1850
‚Ė†1840, 1840, 1850
‚Ė†1840, 1840, 1850
‚Ė†1840, 1840, 1850
‚Ė†1850, 1850, 1900
‚Ė†1850, 1850, 1900
‚Ė†1850, 1850, 1900
‚Ė†1850, 1850, 1900
‚Ė†1850, 1850, 1900
‚Ė†1850, 1850, 1900
‚Ė†1850, 1850, 1900
‚Ė†1850, 1850, 1900
‚Ė†1850, 1850, 1900
‚Ė†1900, 1900, 1910
‚Ė†1900, 1900, 1910
‚Ė†1900, 1900, 1910
‚Ė†1900, 1900, 1910
‚Ė†1900, 1900, 1910
‚Ė†1900, 1900, 1910
‚Ė†1900, 1900, 1920
‚Ė†1900, 1900, 1920
‚Ė†1900, 1900, 1920
‚Ė†1910, 1910, 1920
‚Ė†1910, 1910, 1920
‚Ė†1910, 1910, 1930
‚Ė†1910, 1910, 1930
‚Ė†1910, 1910, 1930
‚Ė†1910, 1910, 1930
‚Ė†1920, 1920, 1930
‚Ė†1920, 1920, 1930
‚Ė†1920, 1920, 1930
‚Ė†1920, 1920, 1930
‚Ė†1920, 1920, 1930
‚Ė†1930, 1930, 1940
‚Ė†1930, 1930, 1940
‚Ė†1930, 1930, 1940
‚Ė†1930, 1930, 1940
‚Ė†1930, 1930, 1940
‚Ė†1930, 1930, 1940
‚Ė†1930, 1930, 1940
‚Ė†1930, 1930, 1940
‚Ė†1930, 1930, 1940
‚Ė†1940, 1940, 1951
‚Ė†1940, 1940, 2331
‚Ė†1940, 1940, 2331
‚Ė†1940, 1940, 2331
‚Ė†1940, 1940, 2331
‚Ė†1940, 1940, 2331
‚Ė†1940, 1940, 2331
‚Ė†1940, 1940, 2331
‚Ė†1940, 1940, 2331
7.51 malam, 1951, 2331

26102021
12.02 tgh., 1202, 1201
12.02 tgh., 1202, 1201
12.02 tgh., 1202, 1201
12.02 tgh., 1202, 1201
12.02 tgh., 1202, 1201
12.02 tgh., 1202, 1201
‚Ė†1210, 1210, 1202
‚Ė†1210, 1210, 1202
‚Ė†1210, 1210, 1202
‚Ė†1210, 1210, 1202
‚Ė†1210, 1210, 1202
‚Ė†1210, 1210, 1202
12.01 tgh., 1201, 1210
12.01 tgh., 1201, 1210
12.01 tgh., 1201, 1210
12.01 tgh., 1201, 1210
12.01 tgh., 1201, 1210
12.01 tgh., 1201, 1210
6.35 ptg., 1835, 1830
‚Ė†1830, 1830, 1835

14122021
‚Ė†1230, 1230, 1229
‚Ė†1230, 1230, 1229
‚Ė†1230, 1230, 1229
12.29 tgh., 1229, 1230
12.29 tgh., 1229, 1230
12.29 tgh., 1229, 1230

20092021
‚Ė†1710, 1710, 1701
‚Ė†1710, 1710, 1701
5.11 ptg., 1711, 1701
5.11 ptg., 1711, 1701
5.11 ptg., 1711, 1701
‚Ė†1720, 1720, 1701
‚Ė†1720, 1720, 1701
‚Ė†1720, 1720, 1701
‚Ė†1720, 1720, 1701
‚Ė†1720, 1720, 1710
‚Ė†1720, 1720, 1710
‚Ė†1720, 1720, 1711
‚Ė†1720, 1720, 1711
‚Ė†1720, 1720, 1711
5.27 ptg., 1727, 1720
‚Ė†1730, 1730, 1720
‚Ė†1740, 1740, 1720
‚Ė†1740, 1740, 1720
‚Ė†1740, 1740, 1720
‚Ė†1740, 1740, 1720
5.01 ptg., 1701, 1720
5.01 ptg., 1701, 1720
5.01 ptg., 1701, 1720
5.01 ptg., 1701, 1727
5.01 ptg., 1701, 1730
5.01 ptg., 1701, 1740
5.01 ptg., 1701, 1740
5.01 ptg., 1701, 1740
5.01 ptg., 1701, 1740
6.04 ptg., 1804, 1800
6.04 ptg., 1804, 1800
6.04 ptg., 1804, 1800
‚Ė†1800, 1800, 1804
‚Ė†1800, 1800, 1804
‚Ė†1800, 1800, 1804

06122021
5.04 ptg., 1704, 1700
5.04 ptg., 1704, 1700
5.04 ptg., 1704, 1700
‚Ė†1700, 1700, 1704
5.00 ptg., 1700, 1704
5.00 ptg., 1700, 1704
