   
  0000000 00000 
  0000000 
 
 
0 0 0 0 0 0 0 0 
 
0000000 00000 00000000 
0000000000000 0000000 
 
 
 
11111 1111 
0000000 0000000 
 
 
 
00000000 000000 00000 
0000000 000000 
000000000 000000 
 
 
1111 11  1111     11 11111111 1111 
     
   
 
 1 1 1 1 1 1 1 1 1 
 
 
 
111111 11 11111 1111 111111111 1111111  
    111111 11111111 111111111 
 
0  111 11111111 1111111111 11111111 11111111111 11111111  
       0 000 0000 00 00000 00000 00000 000000                00000000 00 
     
0 11111111 111 11111 11111111  
    11111111 111111 11111 1111111111111 111111 
       0 000 0000 000 000 00000 0000000                00000000 00 
 
 
 
 
 
  
 
