 
 
 
 
1 1 1 1 1 1 1 1 1 
 
 
111111111111111 11111 1111 111111111111111111111    00000000      00 
 
1111111111  
  00000 000000000 000 000000 0000000000 00000000  
    000000000 000000000                                                                             00000000    000 
 
  000000000 00000000 000000000 000000000                                      00000000    000 
 
  000000000000 000000000 00 00000 000000000                             00000000    000 
 
111111 111111111111 
  0 00000000000 0000000000000 000000 0000 
    0 000 0000 00 0000 000 0000000                                                    00000000    000 
 
 
 
 
 
 
 
 
 
 
 
 
 
 
 
 
 
00000000000 00000 
00000000 0000000 00000 
00000000 00000000 
0000
