 
00000 0000000000                                      0 
00000000 
00000 0000 
00000000 0000000 00000  
0000000 000000 
000000000 000000 
000000 00 00000000 0000 
000000000 000000000 0000 00000 00000 000000 0000 
000 
111111111 1111 111111111 111111 1111 111111 1111111  
111111111111111 1111111111 
 
 
000000 00 00000 0000 
000000000 0000000 000000 00000000 00000 000 
 
000000000 000000 00000 000000 0000000000 00 000 0000 
 
00000 0000 
0000 0000 00000 000 00000 0000000000 0000 0000 0000000000 0000 0 
0000 00000 00 0000 00000 0000000 00000000000 0000000 000000000 000 
00000000  00000000  00000  00000  0000000000  0000000  00000  00  000  00000 
0000000 0000 000000000  
0000000 11111111 00000 0000000 000000 0000000 00000 00000000 000000 
00000 0000000 000000000000 0000000 00000000 000000 000000000 000000 00000 
000000  0000000000  0000  00000000  0000  0000  0000  0000000000  00000  00000 
00000000  00000  0000000  0000  000000  000  00000000  0000  0000000  0000 
000000000 00000 000 1111111 1110 00000000 0000 0000000 0000 000000000 00000 
0000000 00000 000 0000 000000 00 000000  
00000000 0000 0000 0000000000 00000 0000000000000 0000 00000000 
00000000000 0000 000000 0000 0000000 0000 0000000 000000 000 0000 000000 
0000 000000000 000000 00000 000000 0000000000 00 000 0000 00000000 000000 
000000000 000000 000000 0000000 00 0000 00000 000000 00000000000 0000 00000 
00000000 0000 00 00000 000 000000000 000 000000 000000 00000 000000000 
000000  0000  000000  00000  00000  000000  00000000  00000  0000000  0000000 
00000000 0000000000000 000000 0000000000 0000 000000000 0000 0000 0000000 
00000 00000  
00 00000 0000 00000 00000000 000000000 00000000000 0000 0000000000 0000 
00000000 000 00000000000 000000 0000000 0000000000 000000 00000 000000 0000 
0000 000000000 0000 00000000000 00000 0000000000 00000000 0000 000000000 
 
00000 0000000000                                      0 
000000 00000 000000 0000000000 00000000 0000000000 00000 000000 000 000000 00 
00000 0000000000000  
000000 00000000000 0000 000000000 00000000000 1111 11111 0000 
000000 000000000 000000 0000 0000 0000 00000 00000000 000000 00000 000000 
00000 000000000 00 000 0000 000000 00000 0000000 0000 000000 000000000 
000000 000000 000000 01111111100 000000 00000000 0000 0000 0000000 0000 
00000000000 0000 0000000000 000 00000 0000 0000000 00000 0000 00000 0000  
00000 0000000 000 0000 000000000 0000000 00000000 011111111111 11110 
00  000000  000  00000  00000000  0000  0000000  00000000000  000000000000 
00000000000 00000 0000000000 000000 0000000000 00000 000 0000000000 
00000 00000 00000000000 000000 000000000 000000 00000 000000 0000000000 000 
0000 00000 00000000000 0000000000000 00000 00000 000 0000 000000000  
0000000 000000 000000 
00000000 0000 000000000 000000 0000 000000 00000000 00000 0000 
000000000  0000000  000000000  000  00000000  00000000  0000  00000000000 
00000 000000000 00000000 
 
00000 0000 
00000000 0000000 000000000 000 00000000 00000000 000000 000 000 
00 000000 000 000 0000000000 11111111111 11111111 111111 1111111111111111 
11111111111111 11111111111 000 00000 0000000000 000000 00000 0000 0000 000
0000000  000000  00000  0000  000000000  0000  00000000  0000  000000  0000 
000000000000  
0000  0000  0000000000  00000  00000000  0000  0000000000  000000 
000000000 000000 00000 000000 0000000000 000 0000 00000 0000000000 000000 
00000000 0000 00000 0000 0000 000000 000000000 0000000000 000 000000 0000000 
000000  0000000  000000  00000000  000000000  00000000000  0000000000 
00000000000000 000000000 00000000 0000 000 00000 000000 000000000 000000 
000000 00000000  
000000 00000000 000000 000000000 000000 00000 000000 0000000000 
000 0000 00000000 00 000000000 0000 000000 00000000 0000000 0000000000 
00 0000000 00000000 0000 00000000 0000000 000000000 00000000 000000 000 
000000 0000000000 0000 0000000 00000 000000000 00000 000000000 0111111110 
000000 00000 0000 00000000 00 000000 000000 000 000 00000000 00000 0000000 
0000000  000000  000000000  000000  000  0000  00000  00000  00000000  0000  00 
000000000 00000 00000 000000000 000 00000 00000000 000000 00000 000000 
01111111110 000000 00000 0000 000000000000 0000000 00000000000 00 0000000 
 
00000 0000000000                                      0 
00000000 000000 000 00000000 0000 0000 0 000000000 0000 000 0000000000 000 
00000000 0000000 00000 
00000000000  000000000  000  00000000  00000000  000000  00000000 
00000000 00000000 000000 00000000 000000 00 000000 0000000 0000000 000000 
0000 000000000 0000000000 00 0000 00000000 000000 000000000000 000000 00000 
0000000 000000000 00000 0000 000000000000 0000 0000000 0000000 00 00000000 
00000000000 0000000 00000000 00000000000 000 00000000000 000000 0000 
0000  00000000000  00  00000  00000  00000000  0000000000  000000  0000 
0000000000  00000  0000000000  000000000000  00000000000  00  00000  00000000 
000000 0000 00000000000 
00000 00000000 0000 000000000 00000 00000000000 000000000 0000 
000000 000 00000 0000000000 0000 000000 0000 00000 000000 000000 00000 000 
0000  0000  000000  0000  000000  00000000  0000  0000  000000  00000000000 
000000000 00000 00000 0000 0000 000000 0000 000000 0000 0000000 0000000 000 
000000 00000 0000000000 000000 0000000000 00000 00000 000000000000 0000 
00000 0000000000 000000000000 00000000 00 000 00000 
0000 0000 000000000 000 0000 000000000 0000 000000000 0000000000 
00000 00 00000 000000000 000000000 00000000 00000000 000000000 000000000 
000000000 000 0000 0000 0000000 0000000000 0000000000 0000 0000 00000000 
0000000000 0000 00 00000 0000000 00000000 00000000 000 000000000000 000000 
0000000 00000 0000000000 000000000 00 00000 000000000 00000 0000000000 00 
000000  
00000000 00000000 000 000000000000 000000 00000 00000 000000 00000 
00000 0000000 0000000000 00 0000 0000000000000 0000000 000000000 0000 
000000000000 0000 0000000000 00000000000 0000 0000000 000000 0000 00000 
0000 00000000 00000000000000000 0000000 000 00000000 0000 111111 1 111111 1111111 
000000 00000 00 00000 00000000000 000000 0000000 0000 00000 00000000 0000 
00000 00000000000 
000000 00000 0000 0000 0000000000 
00000000  0000  000000000  000000  0000  000000  00000000  000000 
00000 0000 000000000 00000000 00000000  
 
 
 
 
 
 
 
 
00000 0000000000                                      0 
00000 
000 0000000000 000 000000000000 0000000 00000 0000000000 
 
00000 0000 
0000  00000  000000  000000  00000000000  1111111111111111 
11111111111111  11111111111  000  00000  0000000000  0000  0000  0000000000 
0000000 00000 0000000000 000000 000000 0000000 000 0000 00 000 00000 00000 
00000000000  0000000000  00000000  00000  00000  0000000000  000000 
00000000000 000000000 000000 0000000000 000000 000000000000  
0000000 00000 0 00000 0000000000 00000000 00000 000 0000000 00000 0 
0000000 0000000000 00000000 00000 000000 00000 00000000 0 00000000 
0000000 00000 0 000 000 0000000 00000 0 000 000000 00000 00000000 00 
000000 00000000 0000000 00000 0000000000 000000 000 00000 000000000000 0000 
00000  00000000  0000000000  000  0000000  00000000  0000000000  0000000 
00000000000  0000000000  00000000  00000000  000000  000000000  000000 
00000000000 00000000 000000 0000000000 0000000 00000000 0 00000 00000 
000000 0000 00 000 0000 000 00000 0000 00 0000 00000 0000000 00000000 0 
0000 00000 000000 0000 00 0000 0000 000 00000000 0000 0 0000000 0000 
0000 000000  
0000000 000 00000 0000000 00000000 0 00000 000000000 000000000000 
000000 111111 000000 00000 000000 0000 00 000 0000 000000 00 00000 00000 
000000 00000000000 00000 000000 00000 00000 00000 0000000000 000000 00000000 
00000000 000000 000 00000000 0000000 0000 00000000 00000000 000 0000 00000 
0000000000 0000 00000 0000 000 000 0000  
00000000 000 00000000 00000 0000000000 00000 00000000 0000000 
00000000 0000 00 0000000 00000 00000 00 00000000 000000000000 0000 0000000 
000 000 000 000000 00000000 000 0000000 00000000 00000 0000 000000000 
000000 00000000 0000 000000 00000 0000 00000 0000000 00000 000000 0000000000 
000 000000000000 0000000 00 00 000000000 0000000 000000 0000000 00000 0 
000  0000  0000  000000  0000000000  000000  00000  000000000000  00  000 
000000000000 000000 111111 00000 0000000 000 0000000000 00000000 000000 0000 
0000000000 00000000000 000000000 0000 00000000000 000000  
00000 000000 00000000 0000 0000000 000000 0000 000000 00000 00000000 
0000000 000 0000 000 000 00000 0000 0000000 0000000 0000 0000 0000 0000 000000 
0000000  000000000  0000000  00000000  0000  000000  00000000  0000 
000000000000 000 0000 000 00000000  
00000  00000000  0000000  0000000000  0000  000000000  0000  00000 
0000000000  00000000  00000  00000000  0000  0000  000000  0000  000000000000 
 
00000 0000000000                                      0 
000000000 0000 00000000 0000 000000 000000000000 0000000 0000000 0000000 0000 
000 0000 0000 000000000 000000 0000 000000 00000000 0000000 000 0000 0000 
0000000000 000000 000000000 0000000 0000 0000 0000 00000 00000000 00000 
00000000  
0000 00000 0000000 000000000 00000000 00000 00000000000 0000 
000000 0000 00000 000000000 00000000 000000 00000000000 000 000000000000000 000 
0000000000  00000  00000  0000  000000  0000000  00000  000  00000000 
000000000000  
0000000 000000 000000 
00000000 0000 000000000 000000 0000 000000 00000000 00000 0000 
000000000  0000000  00000  0000000000  0000  00000000000  00000  000000000 
00000000 
 
00000 0000 
00000000  0000000  0000000000  00  00000  00000000  000  00000000 
11111111111 11111111 111111 1111111111111111 11111111111111 111111111111 
00000 0000000000 0000000 000000 00000  
0000  0000  0000000000  00000000000  0000000000  00000000  00000 
00000000000 000000 00000 000000 0000 0000 000000000 00000000 00 0000 
0000000000 000000000 0000000000 000 000000000000  00 00000 00000000000 00000 
00000000 0000 0000 0000000000 000000000000000 0000 000000000000 00 00000 
0000000000 00000 00000000 00000000 0000000 0000000 0000 0000000000 000 000 
000000  0000  00000000  00000000  0000000  0000  0000000  0000  0000000 
00000000000  0000  000000000  00000  0000000000  00000000  00000  000  000000 
000000000 00000000 00000 00000 11111111 11111 11 1111111111111 000000 
0000 000000000 0000000 0000000000 00000000 000000  
00000000000 000000 000000000 00000000 00 00000 0000000000 000000 
000000 000000 000000000 0000000 0000000 000000 000000 0000 00 000 00000 
000000000  00  00000  0000000000  0000000000  00000000 00000  00000000000  0000 
0000000000 000 000000000 00000 0000 0000 000 0000 0000 000000 000000000 00000 
00  00000  0000000000  0000  00000000  00000000000  000000  00000000  000000 
00000000 00 00000000  
0000  00  000  00000  000  00000  000000000000  00000  0000000000 
000000000  0000000000  00000  000000000000  000000  00000  0000000000  00000 
0000000 00000000 000000 00000 000 000 0000 0000000000 0000000 0000 
000 00 0000000 0000000 000 000000 00000 0000000000 0000000 00000 00000 
000000000 000000000000 000 00000 000000000000 000000000 000000000 0000 0000000 
0000000 000000 00000 0000000 00000000000 0000000000 000 000000000000 
 
00000 0000000000                                      0 
000000000  000000  00000  0000000000  0000  00000  0000000  00000000 
00000000000 000000 00000000000 0000000000 000 000000000000 00 00000 
0000 00000 000000000 00000000 0000000000 0000 000 0000000 00000 000000 
00000000 0000000 00000000000  
00000  0000000  000  00000000000  000000  000  00000000  0000000000 
00000 000000000000 000000 00000 000000 0000 0000000 0000 000000000 00000 
000000 0000000 000 0000000 000000000 000000000 000000 0000000 000000 00000 
000000000000 01111110 0000 00000000000 0000000 0000000 000 0000000 0000 
000000 0000000 0000 00000 000000000 00000 000000 0000000 000 0000000 
000000000 00000 000000 000 000000 000000 000000 00000 000000 000000000000 
0000 00000 0000000 0000000 0000000 0000 00000 0000000 00000000000 000 
0000000 00000000000 000000000 000000 
00000 00000000 0000 0000 0000000000 000 0000 00000 00000000000 
00000  0000000  00000000000  0000000000  000  000000000000  00000  00000 
00000000 000 0000000000 0000 00 0000 0000 000 00000000000000 0000 0 
000000000 0000 000 0000000000 0000 00000 00000 0000000 0000000000 000 
0000000000000 0000000 00000 00000 000000 0000 0 0000000 00000  
00000 00000000 00000 00000000000 000 00000000000 00000 0000000 
00000000000 000 00000 00000000 000 0000000000 0000 00000 0000000000 0000 
000 00000 00000000000 000000 00000 00 000 000 00000 000000 00000 
0000000 0000 0000000000 0000000 0000 0000 00 0000000 00000 
000000 000000000 00 00 000000000000 000000 00000000 0000000000 000 
0000  000000000  000000000  00000  000000  00000000000  000  00000  0000 
00000000000  0000000000  000000000000  000000  0000000  00000  000000  000 
0000000  00000  0000  00000000  00000000000  000 00000  0000  0000000  00 00000 
00000000 000000000000 00000 000000000 000 000000000 000000 000000000 
0000 000000 00000 00000 00000000 000000000 00000 0000000000 0000000 0000 
0000 0000 000 000 0000000 00000000000 000000000 00000 0000 0000  
000 00000000 0000 00000 00000000 00000 0000000000 00000 00000000 
000 0000000000 0000 0000000000 000 000000000000 00000000 0000000000 000000 
00000000  0000  000000  000000000  000000000  000000  00000000000  000000 
000000 00000 0000 0000 0000000000 
00000000  0000  000000000  000000  0000  000000  00000000  000000 
00000 0000 000000000 00000000 00000000  
 
 
 
 
 
00000 0000000000                                      0 
000000000 0000 0000000000 000000 000 00000000 0000 000000 00 00000 
0000 000000000 0000000 000000 00000000 00000000 000000000 000000000 00 
0000  0000  0000  000000000  0000  0000000000  000000000  00000  0000  000 
000000000000 00000000 00000 00000 000000 00000 0000000 00 00000000 00000  
000000 00000 000000000 0000 0000000000 
   
111111 1111 111111111111 1111 11111 11111 111111 11111 
  
 
 
