00000000
00000 0000
00000000 0000000 00000
0000000 000000
000000000 000000
000000 0 0000000 0000
000000000 000000000 0000 00000 0000 000000
000
111111111 1111 111111111 111111 1111 111111 1111111
111111111111111 1111111111
000000 00 00000 0000
000000000 0000000 000000 00000000 00000 000
00000000 0000 000000 0000000000
00000 000000000000 0000000 0000 0
0000 0000
0000 000000 0000 0000 000 00000000000 000000 00000 0000 0000 000
0000000 0000 000000000 00000000 0000000 00000 00000 00000 0000 00000
0000000 000000000 000000 0000 000000000 0000000 000000000 000000 00000
000000 00000 000000000000 0000000 00 0000 0 000000 000000000000 00000000 0000
0000000000000 000000000 0000 000000 0000 00000 00 0000000 0000 0000 00 00000000
000
0000 0000 0000000000 0000000 0000000 0000000 00000 00000000 0000000
0000000 000000 000 0000000 000000 0000000 00000 00000000 0000000 0000000 00000
0000 0000 000000000000 00000000 00 0000 00 00000000 0000 00000000 00000 000
00000 00000000 0000000 000000000000 0000 000000 000000 00000 00 000000000
00000000 00000 0000 00000000 00 0000 00000 0000000000 000000
0000000 00000 00000000000 000000 0000000000 00000000 00000000 000000000
00000 00000000000 00000000000 000 000000 000 000000 0000 00000000 0000000
00000000 0000 00000000 0000000 000 0000000 000000000000 0000 000000 0000 00000
0000 00000000000 00000000 00000 0000 0000 0000000 000 0000000 000 000000 00000
000000000 0000 000000 0000 000000 000000 00 000000 000 0000 00000 0000000000 00000
000000 0000 0000 000000000 00000 0000 000 0000000
00000000 00000 000 000000 000 0000 00000000 00000000 000000 0000000000
00000 0000 000000 00000000 00000 0000 00000000 00000 00000000000 000 000000
00000 00000000 0000000 000 000 0000 0000000000000 000000000000 0000 000000
0000 0000000000 0000 000 0000 000 00000000000 00000000 00000 0000 000000000
0000000 000000 000000 000000 00000 000000 000000 00 000000000 1111111
11111111111 11111111 1111111
0000000000 000000 0000 0000 0000 0000000 000000 0000 000000000
0000000 00000 00000 000000 00000 000 0000000 000000000000 000 000000 00000000
0000 0000000 11111 11 11111110000 0 0000 000000 0 00000 00000 0000 000000000000
000 000000000 0000000 000000000 000000 0000 0000000 000000 0000 00000
00000000000 000000000000 0000 00000 0000000 00000 0000000 00000000 00000
00000 00000000 000000 00000 000 0000000 0000000 0000 0000000 00000 000 000000 00000
0000000 000000 000000
0000 0000
00000000 0000000 00000 0000 000000 000000 000000 0000000 0000000
000000 000 0000000 0000000000 000000 00000 0000 0000 0000000000 00000000000
000 000000000 000000 0000 000000000000 0000 0000 000000000 000000000
000000000 0000 000000 00 0000000 0000000 00000 000 0000000 000000 00 0000000
0000 00 00000000 00000 00000000 000000 000000000000000 00000000 000000 00000
000000 000000000000 000000 000000000 000000000
0000000 00000000000 000 000000000 0000000 00000 00000000 00 00000 0000
00000000000000000 000 000000000 000000 00000000000 000 000000000 0000000
000000 0000 00000000 00 000000000000 00 000000 00000 00000000 00000 000000 00000
000 00000 000000 00000 0000 0000 00000 00000000 000000 00000 0000000
00000000000 000000 00000 00000000 0000000 00000 0000 00000 000000
0000000 00000 000000 0000000 00000 000 0000000 000000 00000 00000 000000 00000
000000 00000 000000 000000 00000 000000 000 0000 01111 1111 1111 111111111110
000000000 000 000000
0000000 000 00000000 000000000 000000000 0000 000000 0000 00000 000000
0000000000 0000000000 0000 0000000000000 00000 00000 00000 00000 0000
00000000000000000 000000 0000000 0000 00000 000000 00000000000 00000
00000000 00000000 0000000 000000000
00000 00000000 0000 0000 0000000000 0000000000 000000 00000000000
00 00000 1111111 1111 000000000 00000000 000000 00000000000 0000000
000000000 0000 00000000 00000000 00000000 0000000 00000000000 000 000000000
00000 0000000000 00000000 00000000 00000000 000000 00000 00000 000000 00000
0000000 00000 0000 00000000 00 00000 00000000000 000000 00000000 00000 1111111
1111 1 000000 000000000 00000000 00000 00000 0000000000
00000000000 0000 00000 00000000000 0000 01111 11100 000000 00000
00000000000 000 000000 000000000 000000 00000 00000000000 0000000 0000000
000000 00000 00 0000000 00 000000000000 000000000000 00000 000000000
00000000000 0000 000000 000000 000000000 000000 0000000 0000 00000000 00 00000
000000 00000 00000000000 0000 000000 0000 000000000000 00000 000000
00000000000 000000000000 000000000000
0000000000 0000 0000000 000 00000000000 0000 0000000000 0000000 00
00000 0000000 00000000000 0000 0000000000 0000 00000000 00000000000
00000000 0000000 000 00000000000 0000 0000000000 00000 000000 0000
0000000000 0000 00000000 0000000
00000000 000000 00000 0000000 000000 000000 00000000 00000 0000000
0000000 00000000 00000 000000000000 00000 0000 00000000 000000 00000 0000000
00000 0000000000000 00000000 00000000 00000 0000000 00000 000000000000 00
00000 0000000000 00000000000 00000000000 000000000 0000000 00000 000000 00
0000000 000000 0000000000 000000 00000 00000000000 00000000 0000000
00000000000 000 0000 00000000 00000000 000000 000 0000000 0000000 0000
00000000 000000 00000 00000 1111111 1111 0000 0000 000000 000 0000 00000000
00000 000000000000 000000 00000 000000000 00000000 00000 00000000 00000
0000000000000 000000000 000000 000000000 000000 00000 000000000000 000000
0000000000 000000000000 0000000 000000 000000
0000 0000
0000 000000000 00000000000 00000 00000 0000000 00000 0000000000
0000 0000 0000000000 000000 00000 0000 0000000 000000 0000 000000000
0000000 0000 000000 0000 0000 000000 0000000 00000 00000000 00000000
000000000 0000 0000 0000 0000000000 000000000 000000 00000000 000000000
00000000 000 000000
0000 0000 0000000000 00000000 000 00000 000000000 00000000 000 0000
00000 00000 00000 00000 0000000 00000000000 000000 00000000 000000000
00000000 00000 0000 00000000 00000 000 0000 00000000 00000000000 0000 00000
0000 00000 00 000000 00000000 000 00000 00000 0000000 00000 0000000 00000
00000 0000000000 0000000 00000 000000000000000 00000 00000 000000 00000 00000
0000000 00000 000000 00000 000 0000000000000 0000 00000
00000000 00000000 000 00000 00000 00000000 000000 00000 0000000 000000
00000 00000 0000000 00 0000000000 00000 00000 00000 000000 000000000 00000
00000 00000000000 0000 000000 000000000 0000 00000 0000000000 000000000
000000 000000000 00000 0000 00000 0000000 00000 0000 00000 0000000 0000
00000000 00 000000
0000 0000 000000000 0000 00000 00000000000 00000000 00000 00000000
00000000 00000000000000 000000 0000
000 000000 00000 0000 000000 00000000 0000 0000000 00000000
000000 0000000
0000 00000000 000000 0000000000 00000000 0000000000000
00000000000 000 000000000 0000 0000000000 00000000 000
000000 000000000 00000000 00000000000 000000 000000000
000000 0000 00000 0000 000 00000
00000 000000000 000000 000000000 00000 00 000000 00000 00000000
00000000000000000 0000 0000000 000000000 0000 000000
000000 00000000 0000 00000 0000000 00 00000 0000 00000000
00000 000000000000 0000000 000000 0000 00000 00 000000
00000
0000 000000 0000000 000000000 000000 000 000000000 00000000
0000 00000 000000 00000000000 000000 00000000000 0000
0000000000 000000 000 0000 000000000000 000000000
000000 00000
000 000000000 000000 00000 00000000 0000 000000000 00 00000
000000 000000 000000000 000000 00000 00000 0000
000000000 00 00000000 000000 0000000
0000 00000000 00000 00000000000 000000000 0000000 000000
000000000 000000 00000 000000000000 00000000 000 0000
00000000000 000000 00000000000000
00000 000000 00000000 00000000 00000000 0000 00000000000 00
000000 000000000 000000 0000000 0000000 000 000000 0000 0000
000000000 000 00000000000 0000000000000
000000 000000 0000000 00000000 0000 0000 00000000 000000
00000000 000 00000 00000 00000000 0000000000 000 0000000
000000 0000 0000000 000000 00000000000 00000000 00000
000000 000 0000 000000000 0000000 000000000 0000 00000000
0000 000000000000 00000000 000 00000 00000000000 00000
000000 00 000 00000000000000 000
000 000000 000000000 000 0000000000 000000000 00000
000000000 00000 000000 00000000 00000 000000000000
000000000 000000 000 000000000 0000000000 0000000
000000 00000000 0000000000
0000 0000 000000000 0000 00000 0000000000 00000000 0000 000000000
0000000 0000 0000000 0000000 000000 000000
0000 0000
0000000 0000 000000 000000 0000 000000000 000 0000000000 0000 0000
0000000000 0000 00000000000 000000000 000000 00000 000000 0000 000000000
0000 00000 0000 0000000000 0000 000000000000
00000000 000 000000000 00000 000 0000 00000 00000000 000000 000000
000000 000000 00000000 000 00000 00000 00000000 00000 00 00000 0000000 00000 000
000000000 00000 00000 00000 00000000 0000000000 000000 000000000 0000000
000000000 0000000 0000 0000 00000 00000000 00000 00000 00 00000 000000 00000
000000000000 00000 000000 00000 00000 00000000 00000 00000 00000000 000
0000 00000 00000000000000
0000000 000000 0000 0000000000 00000000 000000 00000000 000 000000
00000000000 00000000 0000 000000 000000 000 00000 00000000 00000000000 00000 0000
00000 00000 00 00000 0000 0000 000000000 00000000 000000000 0000 000000 000000
00000 00000000000 0000000 00000000 00000000000 011111111111111 111100 000000 00000
000000000 00000000 0000 00000000 00000000 0000 011111111111100 00000000
000000000 000000 0000000 1111111111111111 000 0000 000000000000 00000 0000
0000 000 00000 0000 0000 00000 000000 0000000000 0000 00000000000 000000
000000 0000 0000 0000000 00000 0000000 000000 00000 0000 0000 0000000 0000
0000000000 0000 000000000000 000 0000 0000 00000 000000 00000000000 011111111111
111110 00 0000 000 000000000000 00000000000 00 00000 00000 000 000 00000000
00000 0000000000 0000 0000 00000 00000 0000000
00000000 000 000000000 000 0000 00000000000000 00000000 00000000
00000000 00000000 00000000 0000000 000 000000000000 0000000000 000
000000000000 00000000000 000 00000000000 0000000000 000000 0000000 000
00000000000 00000 0000 00000 00000 00000000 000 00000 00000 000000 00000
00000000 000000 000000000 00000000000 000000000 000000000000000 011111111
111111111 1111111111101
0000 00000000000 00000000 00000000 000000000 0000 0000 00000
0000000000 000000000 000 0000 00000000000000 000000 00000 0000000 00000
0000 0000 00000000 000 00 0000000000 00 000 00000 0000 000 00000 0000
000000000 00000 0000000000000 000 0000000000000000 0000 00000000 000
000000000 000 00000
00000 000000 000000000000 000000000 000000 000000000 0000000000
000000000 0000000 000000000000 00000000000000 00000000 0000 00000000 00000
00000 000000000 00000 000000 000000000 00000000 00000000 00 000000000 0000000
000000000 0000000 0000000 000000000 000 000000 000000 000000000 000000000 000000
000000 00000000000 0000000 00000000000 00000 000 00 000000 0000 0000 00000
000000000000000
00000 000000 000000000 000000 0000000000 000000 00000000 00000 0000
000000 00000 000000000 00000 0000000000 000000 00000 0000 0000 000 000000 00000
00000000 0000 000000 0000 00000 0000 00000 00000 00000 0000000000 000000 00000
000000000000 000000 0000000000 0000 00000000 00000000 0 0000 000 0000 0000 00000
0000 00 0000000 0000000000 000000 0000 00000 000000000 000000000000 000000
00000000 000000 000000000 000000
0000 00000 000000 00000000000 000000000 0000 0000000 000000 00
00000 000000 00000 00000000 00 00000 0000 00000 00000 000000 0000000 00000000
000000000 00000000 0000 000000 000000 00 00000 000000 0 000 000 0000000000
00 00000 000000 0000 00000
00000 000000 000000000 0000 00000 00 000000000 00000000 000 00000 000
000000000 000000000 00000 000000 00000 00000000000 000000000 00000000 00000000
0000000000 000000 000000000 00000 000000 00000000 00000000000000 000000
000000000 000 000000 000000
0000 00000000 00000 0000 00000000 00000000 000000 00 00000 00000 0000
000000 0000000 00000000 00000000 0000000 000 00000000 0000000 00000000
0000000000 0000000000000 0000 0000 000 000000 00000000 000000 0000000 00 00000
0000 0000000000 000000 000 000 0000000 000000000 00000000 0000000000 000000
000000000 000 000000000000 00000000000 00000000000 00000000 000
000000000000 000000000 0000000000 0000000000 00000 0000000 00000000 0000 000000
0000000000 000000000 00000000 000 0000000 0000 000000
00000 000000 00000000000 000 00000000 000000000 00000 000000
000000000 000000 000000 00000000 000 00000 00000 000000000 0000 0000000 0000 000
0000000 00000 00000000 0000000 00000 000000000 00000 0000000000000 000
00000000 00000 0000000000
00000000 00000 00000000 00 000 0000 00000000000000 000000 000000000
000000000 000000 000000000 000000 000000000 000000000 00000 000000 000000000
0000000 0000000 000 00000 00000 0000000 00000 000000 0000000000 000000000 00
00000000 00000000 000 0000000 00000000 000000 00000000000 000000000 00 000000
00 0000000 0000 00000 000000000 00 0000000000 00000 0000 0000000 000000
0000000 00 0000 00000 00000 0000 00000000 00 000000000 00 0000 00000000 0000000
000000 0000000000000 000000000 00 00000000000 000 000000 000000000 000000 000000000
0000000000 000000 000000000 00000 00000 000000 00 00000000000 000 0000 00000
0000000000000 0000 00000 00000 000000 000 000000000 0000000 0000000 00
000000000 000000000000 0000000 000 00000000 0000000 000000000 0000000
00000 00000 000000000 0000000 000000 000000 0000 0000000000000 00
00000 000000 000000000 00000 000000000 000000 000000 00 00000000 00000
00000000000 000000 0000000000 000000000 000000
0000 0000 0000 0000 00000000 00000 000000 0000 00000 0000000000
00000 0000 000000 000000000 000000 00000000000 0000000000 00000 0111111
1111111 111 11111111 111111110 0000 000 00000 00 00000 0000000000 000000000
000000 00 00000 00000000 00000 0000 00000000 000 0000000 00000000 000000
000000000 0000 00000 000000000000 00000000000 00000 0000000000000 0000
000000 0000000 000000 00000 000 00000000000
00000 000000000 000000 0000000 0000000 0000 000000 00000000000
000000000 0000 000000 00000000000 00000 000000 000000000 00000 00 00000000
00000 000000000 00000000 000000 000000
00000000 000 00000 00000 00000000 0000000000000000 00000000
0000000000 000 00000000000 0000000 000000000 000000000 0000000000
00000000000000 00000000 00000 00000 00000 000000000 000 000000 00000
0000000000 00000000000 000 0000000000 0000 000 00000000 000000 000000000
000000 00000 0000 000000 0000 00000 0000000000 0000 00000 00000000 00000000 0000
000000000 000000 00000000 0000000000 00 000000000
0000000000000 0000 0000 0000000000 00000000 000000 00000000000000
000000 0000000 000 00000000 00000000 0000 00000 00000000000 000000 00000
00000000000 00000 00000 00000 00 0000 000000 0000 000000000 00000 000000000
000 0000 000000000000 00000000 00000000 00000 0000000 000000 0000 0000 00000
0000000 0000000 00 00000000 000000000 000000 00000 00000000 000000
000000000 0000000 000000000 00000 00000 000000 0000000 0000000 000 00000
000000000000 000000000 000 000000 00000
00000000 0000 000000000 000000 0000 000000 00000000 000000 00000
0000 000000000 00000000 000000000 0000 0000000000 000000000 00000 0000 000
000000000000 00000000 0000 000000 0 0000000 00000 0000000 000000 000000 00000
0000 0000 0000000000
111111 1111 111111111111 1111 11111 1111 1111111
