 
 
1 1 1 1 1 1 1 1 1 
 
 
       
111111 11 11111 1111 111111111 1111111  
  111111 11111111 11111 1111 
 
0  11111111  1111  11111111  111111  11111  11111 
111111111 1111111111  
0 00 00000 0000 00000000 000000 000 000000 00000000     00000000   00 
  
0  111111 1111111 1111111 11111 11111111 1111111 11111 
0 00 00000 0000 00000000 000000 000 000000 00000000    00000000   00 
 
0  111111111  11111111  111  111  111111  11111111  11 
1111111 11111 11111 111111 11111 
0 00 0000 0000000000000000 000 000 00000 0000000                  00000000 00 
 
0  11111111  1111111  1111  1111  111111  11  11111 
111111 
0 00 0000 0000000000000000 000 000 00000 0000000        00000000 00 
 
 
 
 
  
 
 
 
000000000000000000000000000000000000000000000000000000000000 
00000000000 00000 
0000000 0000000 00000 
00000000 00000000 
0000 
