 
 
 
 
0 0 0 0 0 0 0 0 0 
 
 
 
000000000000000 00000 0000 000000000000000000000  00000000     00 
 
0000 0000000000000 000000 00 00000 000000000  00000000   000 
 
0000000000 
  00000 000000000 000 000000 0000000000 00000000 
    000000000 000000000  00000000   000 
 
  0000000000 00000 00000 0000 000000 0000000 0000 0000000000 00000 
    1 1111 1111 11111 111111111 111 1111 11111 111111 111111  00000000   000 
   
 
0000000000000000000000000000000000000000000000000000000000000000
0000  
00000000 00000 
0000000 0000000 00000 
00000000 00000000 
0000 
